id,lym,epi,fib,inf,x,y,gt,Cell_density,Node_Entropy
0,0.0,1.0,0.0,0.0,761,939,epithelial,20.878223286097892,0.0
1,0.0,1.0,0.0,0.0,679,881,epithelial,25.39286245357747,0.0
2,0.0,1.0,0.0,0.0,57,812,epithelial,41.044513691412554,0.0
3,0.0,1.0,0.0,0.0,89,866,epithelial,27.99362168828668,0.0
4,0.0,1.0,0.0,0.0,199,678,epithelial,24.152934904352612,0.45056120886630463
5,0.0,1.0,0.0,0.0,99,1310,epithelial,31.858745147903953,0.0
6,0.0,1.0,0.0,0.0,105,1359,epithelial,44.782886693651804,0.0
7,0.0,1.0,0.0,0.0,143,1639,epithelial,21.04254916627779,0.0
8,0.0,1.0,0.0,0.0,187,1677,epithelial,20.80272487462592,0.45056120886630463
9,0.0,0.0,1.0,0.0,642,1253,fibroblast and endothelial,46.30010623933547,0.0
10,0.0,0.0,1.0,0.0,594,1297,fibroblast and endothelial,47.81327886745383,0.45056120886630463
11,0.0,1.0,0.0,0.0,605,850,epithelial,25.175145263231453,0.0
12,0.0,1.0,0.0,0.0,398,1260,epithelial,37.44981146191382,0.0
13,0.0,0.0,1.0,0.0,509,1347,fibroblast and endothelial,75.71101623639662,0.8486855577264172
14,0.0,0.0,0.0,0.0,307,1708,apoptosis / civiatte body,19.653874285526218,0.7963116401738131
15,0.0,0.0,1.0,0.0,804,981,fibroblast and endothelial,46.973220808067964,0.6931471805599453
16,0.0,0.0,1.0,0.0,636,1111,inflammatory,66.70523643813502,0.37677016125643675
17,0.0,0.0,0.0,0.0,127,892,apoptosis / civiatte body,24.080041196764956,0.7963116401738131
18,1.0,0.0,0.0,0.0,261,611,lymphocyte,35.77994693233678,0.45056120886630463
19,1.0,0.0,0.0,0.0,355,651,lymphocyte,38.47481183590494,0.45056120886630463
20,1.0,0.0,0.0,0.0,240,674,lymphocyte,21.04570861321369,0.45056120886630463
21,0.0,0.0,1.0,0.0,707,1079,fibroblast and endothelial,72.60260711977986,0.410116318288409
22,0.0,0.0,0.0,1.0,524,1821,inflammatory,46.683767584728365,0.410116318288409
23,0.0,0.0,0.0,1.0,299,1876,inflammatory,90.07382942727108,0.6837389058487535
24,0.0,0.0,0.0,1.0,462,1889,inflammatory,46.78151688552079,0.8675632284814612
25,1.0,0.0,0.0,0.0,431,1904,lymphocyte,51.22887169021904,0.8675632284814612
26,0.0,0.0,1.0,0.0,468,1709,fibroblast and endothelial,84.25646683302985,0.0
27,0.0,0.0,1.0,0.0,1833,1210,fibroblast and endothelial,88.99941315234553,0.0
28,0.0,0.0,1.0,0.0,1917,1197,fibroblast and endothelial,129.93260721750303,0.37677016125643675
29,0.0,0.0,1.0,0.0,1775,1473,fibroblast and endothelial,93.68710726272417,0.45056120886630463
30,0.0,0.0,1.0,0.0,1885,1477,fibroblast and endothelial,146.11562248173874,0.37677016125643675
31,0.0,0.0,1.0,0.0,1820,1123,fibroblast and endothelial,72.34256363631603,0.0
32,0.0,0.0,1.0,0.0,1836,1107,fibroblast and endothelial,68.52156726613379,0.0
33,0.0,0.0,1.0,0.0,1596,1167,fibroblast and endothelial,54.79141296475707,0.0
34,0.0,0.0,1.0,0.0,1593,1184,fibroblast and endothelial,44.50386238565139,0.5004024235381879
35,0.0,0.0,1.0,0.0,1678,1354,fibroblast and endothelial,129.9839308748232,0.0
36,0.0,0.0,1.0,0.0,1902,1665,fibroblast and endothelial,112.66260844418929,0.410116318288409
37,0.0,0.0,1.0,0.0,1860,1592,fibroblast and endothelial,82.10098079037938,0.0
38,0.0,0.0,1.0,0.0,1853,1604,fibroblast and endothelial,95.3682214816136,0.45056120886630463
39,0.0,0.0,1.0,0.0,1934,1715,fibroblast and endothelial,114.46793641003596,0.5623351446188083
40,0.0,0.0,0.0,1.0,1936,1756,inflammatory,143.2453516326222,0.6730116670092565
41,0.0,0.0,1.0,0.0,1570,1539,fibroblast and endothelial,126.74471233648698,0.0
42,0.0,0.0,1.0,0.0,1592,1576,fibroblast and endothelial,155.96956794289508,0.5623351446188083
43,0.0,0.0,0.0,1.0,1819,1962,inflammatory,179.3764900072699,0.6931471805599453
44,0.0,0.0,1.0,0.0,1775,1956,fibroblast and endothelial,142.8373465176257,0.6365141682948128
45,0.0,0.0,1.0,0.0,1354,1983,fibroblast and endothelial,176.78821375263794,0.0
46,0.0,0.0,1.0,0.0,1215,1973,fibroblast and endothelial,73.61192043071105,0.0
47,0.0,0.0,1.0,0.0,1162,1888,fibroblast and endothelial,154.87157700564725,0.0
48,0.0,0.0,1.0,0.0,1113,1829,fibroblast and endothelial,192.40561774721994,0.34883209584303193
49,0.0,0.0,1.0,0.0,1305,1589,fibroblast and endothelial,31.026280506223422,0.0
50,0.0,0.0,1.0,0.0,1324,1587,fibroblast and endothelial,72.61335273803262,0.0
51,0.0,0.0,1.0,0.0,1290,1613,fibroblast and endothelial,121.9270141277012,0.0
52,0.0,0.0,1.0,0.0,1300,1626,fibroblast and endothelial,130.46783065442395,0.0
53,0.0,0.0,1.0,0.0,1341,1621,fibroblast and endothelial,25.152466611254656,0.0
54,0.0,0.0,1.0,0.0,1326,1631,fibroblast and endothelial,46.9777862916223,0.410116318288409
55,0.0,0.0,1.0,0.0,1461,1486,fibroblast and endothelial,126.01336671083088,0.0
56,0.0,0.0,1.0,0.0,1442,1451,fibroblast and endothelial,72.43353644335494,0.410116318288409
57,0.0,0.0,1.0,0.0,1472,1359,fibroblast and endothelial,106.05535986412265,0.34883209584303193
58,0.0,0.0,1.0,0.0,1211,1377,fibroblast and endothelial,167.29217336023626,0.0
59,0.0,0.0,1.0,0.0,1368,1441,fibroblast and endothelial,114.56459215193317,0.34883209584303193
60,0.0,0.0,1.0,0.0,1444,1234,fibroblast and endothelial,34.8246938238039,0.0
61,0.0,0.0,1.0,0.0,1458,1247,fibroblast and endothelial,51.93610029572477,0.0
62,0.0,0.0,1.0,0.0,1471,1255,fibroblast and endothelial,53.59200058042355,0.0
63,0.0,0.0,1.0,0.0,1431,1195,fibroblast and endothelial,68.34238711610084,0.0
64,0.0,0.0,1.0,0.0,1290,1571,fibroblast and endothelial,133.62890503776254,0.0
65,0.0,0.0,1.0,0.0,1477,1102,fibroblast and endothelial,61.615364951886086,0.0
66,0.0,0.0,1.0,0.0,1478,1085,fibroblast and endothelial,113.79482569308504,0.5982695885852573
67,0.0,0.0,1.0,0.0,1484,1118,fibroblast and endothelial,28.66715126281754,0.0
68,0.0,0.0,1.0,0.0,1216,1158,fibroblast and endothelial,91.47329677044016,0.0
69,0.0,0.0,1.0,0.0,1286,1071,fibroblast and endothelial,123.43244074378225,0.34883209584303193
70,0.0,0.0,1.0,0.0,1152,1110,fibroblast and endothelial,143.39121297025406,0.3250829733914482
71,0.0,0.0,1.0,0.0,1365,882,fibroblast and endothelial,162.68639161693386,0.6365141682948128
72,0.0,0.0,0.0,1.0,1445,971,inflammatory,124.65213596892734,0.6365141682948128
73,0.0,0.0,0.0,1.0,1512,976,inflammatory,112.79746065876108,0.6615632381579821
74,0.0,0.0,1.0,0.0,1293,1037,fibroblast and endothelial,95.5595203485993,0.6365141682948128
75,0.0,0.0,1.0,0.0,1245,999,fibroblast and endothelial,73.01288031285253,0.410116318288409
76,0.0,0.0,1.0,0.0,1507,1123,fibroblast and endothelial,53.181535209078866,0.37677016125643675
77,0.0,0.0,0.0,1.0,1275,1034,inflammatory,62.99568353994671,0.45056120886630463
78,0.0,0.0,1.0,0.0,1276,943,fibroblast and endothelial,88.62763205700281,0.0
79,0.0,0.0,1.0,0.0,1286,960,fibroblast and endothelial,49.68226778334011,0.0
80,0.0,0.0,1.0,0.0,1293,969,fibroblast and endothelial,78.06570910543185,0.5982695885852573
81,0.0,0.0,1.0,0.0,824,558,fibroblast and endothelial,31.996647412513884,0.6931471805599453
82,0.0,0.0,1.0,0.0,858,559,fibroblast and endothelial,33.319621630495185,0.6615632381579821
83,0.0,0.0,1.0,0.0,900,610,fibroblast and endothelial,30.03797889902239,0.6829081047004717
84,0.0,0.0,1.0,0.0,923,621,fibroblast and endothelial,54.670923018958035,0.45056120886630463
85,0.0,0.0,1.0,0.0,938,701,fibroblast and endothelial,45.98275130789901,0.9649629230074277
86,0.0,0.0,1.0,0.0,988,823,fibroblast and endothelial,24.09072271198324,0.0
87,0.0,0.0,1.0,0.0,989,843,fibroblast and endothelial,47.69386432643171,0.410116318288409
88,0.0,0.0,1.0,0.0,1009,815,fibroblast and endothelial,65.31810653493508,0.0
89,0.0,0.0,1.0,0.0,1012,681,fibroblast and endothelial,142.5479042752699,0.0
90,0.0,0.0,1.0,0.0,845,939,fibroblast and endothelial,40.94471029387387,0.6931471805599453
91,0.0,0.0,1.0,0.0,1033,855,fibroblast and endothelial,53.92708985206965,0.0
92,0.0,0.0,1.0,0.0,1069,859,fibroblast and endothelial,57.25376678467711,0.0
93,0.0,0.0,1.0,0.0,989,933,fibroblast and endothelial,77.05036950905982,0.410116318288409
94,0.0,0.0,1.0,0.0,1140,827,fibroblast and endothelial,53.022011809154165,0.0
95,0.0,0.0,1.0,0.0,1152,815,fibroblast and endothelial,57.678794664637046,0.0
96,0.0,0.0,1.0,0.0,1160,813,fibroblast and endothelial,99.75021477672357,0.0
97,0.0,0.0,1.0,0.0,1141,819,fibroblast and endothelial,86.10864003744328,0.0
98,0.0,0.0,1.0,0.0,866,547,fibroblast and endothelial,21.304760456189307,0.0
99,0.0,0.0,1.0,0.0,864,531,fibroblast and endothelial,20.882019227325998,0.0
100,0.0,0.0,1.0,0.0,892,548,fibroblast and endothelial,64.73817759567439,0.34883209584303193
101,0.0,0.0,1.0,0.0,819,535,fibroblast and endothelial,26.38994435474822,0.37677016125643675
102,0.0,1.0,0.0,0.0,812,585,epithelial,25.28784906927299,0.37677016125643675
103,0.0,1.0,0.0,0.0,826,587,epithelial,19.291098000728283,0.5004024235381879
104,0.0,1.0,0.0,0.0,846,588,epithelial,23.110983652406855,0.5982695885852573
105,0.0,1.0,0.0,0.0,820,618,epithelial,18.857468538790208,0.0
106,0.0,1.0,0.0,0.0,861,593,epithelial,20.09940238602507,0.45056120886630463
107,0.0,1.0,0.0,0.0,860,607,epithelial,17.18502733707136,0.0
108,0.0,1.0,0.0,0.0,879,600,epithelial,30.252152215827447,0.6829081047004717
109,0.0,1.0,0.0,0.0,847,603,epithelial,18.08476909556058,0.0
110,0.0,1.0,0.0,0.0,831,600,epithelial,20.781397331081497,0.0
111,0.0,1.0,0.0,0.0,808,613,epithelial,25.15345592238191,0.0
112,0.0,1.0,0.0,0.0,835,624,epithelial,21.335843740608066,0.0
113,0.0,1.0,0.0,0.0,850,625,epithelial,19.139586922881822,0.0
114,0.0,1.0,0.0,0.0,865,619,epithelial,13.874289621382461,0.0
115,0.0,1.0,0.0,0.0,878,619,epithelial,17.402010552129983,0.37677016125643675
116,0.0,1.0,0.0,0.0,868,632,epithelial,18.949026774012843,0.37677016125643675
117,0.0,1.0,0.0,0.0,842,645,epithelial,22.539126464437015,0.0
118,0.0,1.0,0.0,0.0,889,623,epithelial,15.039072844625496,0.5004024235381879
119,0.0,1.0,0.0,0.0,881,635,epithelial,14.273374275073792,0.45056120886630463
120,0.0,1.0,0.0,0.0,885,693,epithelial,22.84964176857469,0.0
121,0.0,1.0,0.0,0.0,888,711,epithelial,23.05578286396764,0.0
122,0.0,1.0,0.0,0.0,907,663,epithelial,22.15864872048337,0.410116318288409
123,0.0,1.0,0.0,0.0,913,678,epithelial,23.134087850995147,0.6365141682948128
124,0.0,1.0,0.0,0.0,904,691,epithelial,21.366900148736505,0.0
125,0.0,1.0,0.0,0.0,919,699,epithelial,17.798730446980876,0.45056120886630463
126,0.0,1.0,0.0,0.0,925,739,epithelial,31.225001694873118,0.9556998911125343
127,0.0,1.0,0.0,0.0,923,758,epithelial,26.21364317856168,0.410116318288409
128,0.0,1.0,0.0,0.0,920,777,epithelial,31.329497956207387,0.6365141682948128
129,0.0,1.0,0.0,0.0,908,811,epithelial,24.521364490119357,0.45056120886630463
130,0.0,1.0,0.0,0.0,903,825,epithelial,24.106197362963698,0.5004024235381879
131,0.0,1.0,0.0,0.0,899,837,epithelial,33.33134505648203,0.9002560512685369
132,0.0,1.0,0.0,0.0,887,854,epithelial,18.46172048152668,0.410116318288409
133,0.0,1.0,0.0,0.0,867,862,epithelial,19.778355719238316,0.0
134,0.0,1.0,0.0,0.0,882,838,epithelial,16.038757494557807,0.0
135,0.0,1.0,0.0,0.0,887,822,epithelial,19.94467950520085,0.0
136,0.0,1.0,0.0,0.0,894,795,epithelial,22.303113677705408,0.0
137,0.0,1.0,0.0,0.0,821,885,epithelial,32.93791234535762,0.0
138,0.0,1.0,0.0,0.0,823,926,epithelial,21.478400248130654,0.5004024235381879
139,0.0,1.0,0.0,0.0,811,935,epithelial,27.316246654396664,0.5982695885852573
140,0.0,1.0,0.0,0.0,848,907,epithelial,28.92096674139944,0.5982695885852573
141,0.0,1.0,0.0,0.0,835,896,epithelial,18.56675032728662,0.0
142,0.0,1.0,0.0,0.0,850,884,epithelial,24.054996777219287,0.0
143,0.0,1.0,0.0,0.0,880,738,epithelial,24.55509844135409,0.0
144,0.0,1.0,0.0,0.0,858,799,epithelial,24.923240676847097,0.0
145,0.0,1.0,0.0,0.0,860,742,epithelial,28.52084464484044,0.0
146,0.0,0.0,0.0,1.0,953,887,inflammatory,70.53726865884234,1.0397207708399179
147,0.0,0.0,1.0,0.0,907,1009,fibroblast and endothelial,88.2336097115503,0.0
148,0.0,0.0,1.0,0.0,982,1271,fibroblast and endothelial,61.1707482221769,0.0
149,0.0,0.0,1.0,0.0,915,1298,fibroblast and endothelial,97.76218908480621,0.0
150,0.0,0.0,1.0,0.0,1029,1283,fibroblast and endothelial,58.74811774432233,0.0
151,0.0,0.0,1.0,0.0,1060,1000,fibroblast and endothelial,133.25863902132883,0.0
152,0.0,0.0,1.0,0.0,975,1172,fibroblast and endothelial,129.20068220607945,0.0
153,0.0,0.0,1.0,0.0,1089,1236,fibroblast and endothelial,140.49568501385306,0.0
154,0.0,0.0,1.0,0.0,1185,963,fibroblast and endothelial,98.60926723335933,0.0
155,0.0,0.0,1.0,0.0,1049,1649,fibroblast and endothelial,177.10018027173928,0.0
156,0.0,0.0,1.0,0.0,1001,1702,fibroblast and endothelial,95.81307784677927,0.45056120886630463
157,0.0,0.0,1.0,0.0,938,1561,fibroblast and endothelial,120.01281634148529,0.0
158,0.0,0.0,1.0,0.0,830,1581,fibroblast and endothelial,101.59357278657932,0.0
159,0.0,0.0,1.0,0.0,821,1366,fibroblast and endothelial,83.80958299665565,0.0
160,0.0,0.0,1.0,0.0,1026,1354,fibroblast and endothelial,135.46139335140677,0.0
161,0.0,0.0,1.0,0.0,950,1661,fibroblast and endothelial,91.68044592902115,0.0
162,0.0,0.0,1.0,0.0,928,1704,fibroblast and endothelial,104.89073698827944,0.34883209584303193
163,0.0,0.0,1.0,0.0,915,1902,fibroblast and endothelial,65.26667119102487,0.0
164,0.0,0.0,1.0,0.0,912,1926,fibroblast and endothelial,67.76941506004182,0.0
165,0.0,0.0,1.0,0.0,924,1954,fibroblast and endothelial,50.97538232849994,0.0
166,0.0,0.0,1.0,0.0,873,1985,fibroblast and endothelial,146.9380336487441,0.0
167,0.0,0.0,1.0,0.0,1008,1956,fibroblast and endothelial,143.69790445232633,0.0
168,0.0,0.0,1.0,0.0,919,1820,fibroblast and endothelial,92.24128869065865,0.34883209584303193
169,0.0,0.0,1.0,0.0,871,1838,fibroblast and endothelial,56.056740428682886,0.0
170,0.0,0.0,1.0,0.0,884,1781,fibroblast and endothelial,56.43313399556928,0.37677016125643675
171,0.0,0.0,1.0,0.0,843,1784,fibroblast and endothelial,46.29342038395793,0.0
172,0.0,0.0,1.0,0.0,811,1827,fibroblast and endothelial,43.265234105889355,0.410116318288409
173,0.0,0.0,1.0,0.0,806,1846,fibroblast and endothelial,74.15278070402744,0.0
174,0.0,0.0,1.0,0.0,839,1836,fibroblast and endothelial,60.77503641209935,0.0
175,0.0,0.0,1.0,0.0,430,1850,fibroblast and endothelial,71.81161200112898,0.5623351446188083
176,0.0,0.0,1.0,0.0,485,1939,fibroblast and endothelial,82.55292387798444,0.8675632284814612
177,0.0,0.0,1.0,0.0,509,1870,fibroblast and endothelial,71.66853070198094,0.5982695885852573
178,0.0,0.0,1.0,0.0,460,1775,fibroblast and endothelial,70.835610574123,0.0
179,0.0,0.0,1.0,0.0,623,1801,fibroblast and endothelial,65.80434020026944,0.0
180,0.0,0.0,1.0,0.0,538,1823,fibroblast and endothelial,18.05847733403462,0.5623351446188083
181,0.0,0.0,1.0,0.0,553,1803,fibroblast and endothelial,53.473165119756636,0.37677016125643675
182,0.0,0.0,1.0,0.0,733,1857,fibroblast and endothelial,88.09355584548905,0.45056120886630463
183,0.0,0.0,1.0,0.0,654,1755,fibroblast and endothelial,49.66399608429917,0.0
184,0.0,0.0,1.0,0.0,681,1738,fibroblast and endothelial,56.507619076565625,0.410116318288409
185,0.0,0.0,1.0,0.0,419,1884,fibroblast and endothelial,70.06027973620876,0.9002560512685369
186,0.0,0.0,1.0,0.0,448,1973,fibroblast and endothelial,72.19112491684254,0.5004024235381879
187,0.0,0.0,1.0,0.0,540,1744,fibroblast and endothelial,54.05140233264966,0.0
188,0.0,0.0,1.0,0.0,679,1845,fibroblast and endothelial,62.885930565270314,0.5982695885852573
189,0.0,0.0,1.0,0.0,780,1860,fibroblast and endothelial,69.35371221816152,0.45056120886630463
190,0.0,0.0,1.0,0.0,667,1786,fibroblast and endothelial,47.45606539836579,0.410116318288409
191,0.0,0.0,1.0,0.0,709,1655,fibroblast and endothelial,61.65686923605545,0.410116318288409
192,0.0,0.0,1.0,0.0,724,1619,fibroblast and endothelial,55.540690129860714,0.0
193,0.0,0.0,1.0,0.0,522,1725,fibroblast and endothelial,102.683268160792,0.0
194,0.0,0.0,1.0,0.0,648,1681,fibroblast and endothelial,101.63494072021841,0.0
195,0.0,0.0,1.0,0.0,705,1613,fibroblast and endothelial,61.14900703291484,0.0
196,0.0,0.0,1.0,0.0,537,1838,fibroblast and endothelial,53.104015030585856,0.410116318288409
197,0.0,0.0,1.0,0.0,601,1752,fibroblast and endothelial,67.83142504953183,0.0
198,0.0,0.0,1.0,0.0,377,1808,fibroblast and endothelial,90.41733862696034,0.37677016125643675
199,0.0,0.0,1.0,0.0,411,1692,fibroblast and endothelial,86.35760904854456,0.0
200,0.0,0.0,1.0,0.0,481,1778,fibroblast and endothelial,64.54153883257506,0.37677016125643675
201,0.0,0.0,1.0,0.0,452,1586,fibroblast and endothelial,74.18457497915368,0.0
202,0.0,0.0,1.0,0.0,467,1580,fibroblast and endothelial,92.97215404620546,0.0
203,0.0,0.0,1.0,0.0,456,1566,fibroblast and endothelial,79.07023129849712,0.0
204,0.0,0.0,1.0,0.0,575,1535,fibroblast and endothelial,90.12481811066229,0.0
205,0.0,0.0,1.0,0.0,739,1498,fibroblast and endothelial,73.36701887570014,0.0
206,0.0,0.0,1.0,0.0,753,1533,fibroblast and endothelial,47.26119649819629,0.0
207,0.0,0.0,1.0,0.0,766,1376,fibroblast and endothelial,100.28611657253572,0.0
208,0.0,0.0,1.0,0.0,771,1497,fibroblast and endothelial,59.34383077505655,0.0
209,0.0,0.0,1.0,0.0,773,1451,fibroblast and endothelial,102.07868900336572,0.0
210,0.0,0.0,1.0,0.0,766,1574,fibroblast and endothelial,37.61833663831231,0.0
211,0.0,0.0,1.0,0.0,754,1564,fibroblast and endothelial,44.199938830119564,0.0
212,0.0,0.0,1.0,0.0,611,1371,fibroblast and endothelial,88.97717302808829,0.0
213,0.0,0.0,1.0,0.0,639,1318,fibroblast and endothelial,82.58939519867835,0.0
214,0.0,0.0,1.0,0.0,623,1520,fibroblast and endothelial,57.3647508629594,0.0
215,0.0,0.0,1.0,0.0,653,1545,fibroblast and endothelial,91.5542000226055,0.0
216,0.0,0.0,1.0,0.0,595,1411,fibroblast and endothelial,65.41410770965895,0.0
217,0.0,0.0,1.0,0.0,442,1444,fibroblast and endothelial,74.37026118496605,0.0
218,0.0,0.0,0.0,1.0,525,1283,inflammatory,47.88532879196339,0.936888307539016
219,0.0,0.0,1.0,0.0,628,1242,fibroblast and endothelial,50.442976998578025,0.0
220,0.0,0.0,1.0,0.0,613,1269,fibroblast and endothelial,47.11261284415833,0.0
221,0.0,0.0,1.0,0.0,649,1178,fibroblast and endothelial,42.556483195732405,0.410116318288409
222,0.0,0.0,1.0,0.0,580,1145,fibroblast and endothelial,66.98247922442428,0.8018185525433373
223,0.0,0.0,1.0,0.0,640,1076,fibroblast and endothelial,46.159874942964166,0.5004024235381879
224,0.0,0.0,1.0,0.0,466,1062,fibroblast and endothelial,45.335377439304125,0.9002560512685369
225,0.0,0.0,1.0,0.0,453,986,fibroblast and endothelial,19.02668179507932,0.0
226,0.0,0.0,1.0,0.0,473,982,fibroblast and endothelial,20.336414586829328,0.0
227,0.0,0.0,1.0,0.0,602,1043,fibroblast and endothelial,79.84023784373937,0.5297061990576545
228,0.0,0.0,1.0,0.0,532,1240,fibroblast and endothelial,54.068392342764604,0.9433483923290391
229,0.0,1.0,0.0,0.0,360,1321,epithelial,30.49022636168054,0.5004024235381879
230,0.0,1.0,0.0,0.0,387,1322,epithelial,61.54550827195988,0.6869615765973234
231,0.0,1.0,0.0,0.0,362,1287,epithelial,35.33561561870484,0.0
232,0.0,1.0,0.0,0.0,438,1288,epithelial,22.40060631870332,0.0
233,0.0,1.0,0.0,0.0,449,1299,epithelial,18.24468120772891,0.0
234,0.0,1.0,0.0,0.0,449,1317,epithelial,54.09159455345611,0.6615632381579821
235,0.0,1.0,0.0,0.0,510,1240,epithelial,17.76829394185329,0.45056120886630463
236,0.0,1.0,0.0,0.0,505,1252,epithelial,15.995616322893127,0.0
237,0.0,1.0,0.0,0.0,517,1261,epithelial,21.675006957858205,0.8675632284814612
238,0.0,1.0,0.0,0.0,495,1262,epithelial,27.31800558134776,0.37677016125643675
239,0.0,1.0,0.0,0.0,519,1225,epithelial,18.055725485909054,0.5004024235381879
240,0.0,1.0,0.0,0.0,519,1211,epithelial,30.577707702084563,0.5982695885852573
241,0.0,1.0,0.0,0.0,499,1231,epithelial,25.999719345259447,0.0
242,0.0,1.0,0.0,0.0,440,1154,epithelial,27.23315228023196,0.0
243,0.0,1.0,0.0,0.0,442,1108,epithelial,28.230200332972995,0.5982695885852573
244,0.0,1.0,0.0,0.0,483,1137,epithelial,16.28608198333473,0.0
245,0.0,1.0,0.0,0.0,504,1141,epithelial,23.104985956255867,0.45056120886630463
246,0.0,1.0,0.0,0.0,493,1138,epithelial,16.617735961094326,0.0
247,0.0,1.0,0.0,0.0,504,1197,epithelial,23.982423690032416,0.0
248,0.0,1.0,0.0,0.0,458,1209,epithelial,22.651020239210254,0.0
249,0.0,1.0,0.0,0.0,461,1253,epithelial,31.83733668757037,0.0
250,0.0,1.0,0.0,0.0,468,1298,epithelial,36.09624484739603,0.5297061990576545
251,0.0,1.0,0.0,0.0,505,1184,epithelial,18.980454186933006,0.0
252,0.0,1.0,0.0,0.0,458,1184,epithelial,27.53572302384903,0.0
253,0.0,1.0,0.0,0.0,378,1157,epithelial,29.776127029106544,0.0
254,0.0,1.0,0.0,0.0,398,1116,epithelial,22.050486304442728,0.0
255,0.0,1.0,0.0,0.0,371,1256,epithelial,30.930597759200538,0.0
256,0.0,1.0,0.0,0.0,396,1308,epithelial,33.828899724948364,0.0
257,0.0,1.0,0.0,0.0,432,1318,epithelial,44.60669890949386,0.45056120886630463
258,0.0,1.0,0.0,0.0,429,1303,epithelial,21.91567109606554,0.0
259,0.0,1.0,0.0,0.0,483,1176,epithelial,23.624543184252556,0.0
260,0.0,1.0,0.0,0.0,486,1274,epithelial,28.99752963890067,0.8675632284814612
261,0.0,1.0,0.0,0.0,451,1116,epithelial,21.387617171937148,0.0
262,0.0,1.0,0.0,0.0,415,1288,epithelial,27.997195084329185,0.0
263,0.0,0.0,1.0,0.0,387,1037,fibroblast and endothelial,43.86844189697194,0.410116318288409
264,0.0,0.0,1.0,0.0,384,1048,fibroblast and endothelial,34.10715924557819,0.6365141682948128
265,0.0,0.0,1.0,0.0,395,1054,fibroblast and endothelial,31.39572008429963,0.9556998911125343
266,0.0,0.0,1.0,0.0,448,998,fibroblast and endothelial,19.263210066491133,0.5004024235381879
267,0.0,0.0,1.0,0.0,472,999,fibroblast and endothelial,23.625941136686645,0.410116318288409
268,0.0,0.0,1.0,0.0,512,973,fibroblast and endothelial,38.0164926909604,0.410116318288409
269,0.0,0.0,1.0,0.0,562,898,fibroblast and endothelial,46.06889653743848,0.6365141682948128
270,0.0,0.0,1.0,0.0,576,899,fibroblast and endothelial,50.143713702854974,0.6829081047004717
271,0.0,0.0,1.0,0.0,639,1044,fibroblast and endothelial,74.28364698927963,0.410116318288409
272,0.0,1.0,0.0,0.0,562,818,epithelial,26.226313673254054,0.0
273,0.0,1.0,0.0,0.0,543,839,epithelial,32.50685833799073,0.5982695885852573
274,0.0,1.0,0.0,0.0,526,833,epithelial,24.632650533127446,0.410116318288409
275,0.0,1.0,0.0,0.0,574,839,epithelial,38.1950751105233,0.5297061990576545
276,0.0,1.0,0.0,0.0,590,836,epithelial,26.589051954183738,0.0
277,0.0,1.0,0.0,0.0,510,819,epithelial,16.487286961913327,0.0
278,0.0,1.0,0.0,0.0,494,821,epithelial,28.088878441615748,0.5623351446188083
279,0.0,1.0,0.0,0.0,504,770,epithelial,26.008538311312407,0.0
280,0.0,1.0,0.0,0.0,514,784,epithelial,22.27079566720557,0.0
281,0.0,1.0,0.0,0.0,458,775,epithelial,22.683303345297794,0.37677016125643675
282,0.0,1.0,0.0,0.0,437,754,epithelial,15.797778057137812,0.0
283,0.0,1.0,0.0,0.0,397,736,epithelial,43.16614922128288,0.6554817739013927
284,0.0,1.0,0.0,0.0,444,738,epithelial,30.545400767731874,0.0
285,0.0,1.0,0.0,0.0,508,805,epithelial,18.727791186369902,0.0
286,0.0,1.0,0.0,0.0,482,809,epithelial,22.901328386548123,0.45056120886630463
287,0.0,1.0,0.0,0.0,470,801,epithelial,35.215887156379225,0.6615632381579821
288,0.0,1.0,0.0,0.0,609,870,epithelial,33.398376599722205,0.37677016125643675
289,0.0,1.0,0.0,0.0,619,863,epithelial,16.172564321617344,0.0
290,0.0,1.0,0.0,0.0,631,865,epithelial,17.144652183803437,0.0
291,0.0,1.0,0.0,0.0,642,875,epithelial,23.502596646896528,0.0
292,0.0,1.0,0.0,0.0,653,881,epithelial,25.112258006498976,0.0
293,0.0,1.0,0.0,0.0,658,896,epithelial,22.896480125631758,0.0
294,0.0,1.0,0.0,0.0,656,915,epithelial,18.932397965740442,0.0
295,0.0,1.0,0.0,0.0,676,941,epithelial,13.398299674269072,0.0
296,0.0,1.0,0.0,0.0,647,855,epithelial,22.292182210301473,0.0
297,0.0,1.0,0.0,0.0,634,848,epithelial,22.985301126191064,0.0
298,0.0,1.0,0.0,0.0,624,828,epithelial,27.890036242320992,0.0
299,0.0,1.0,0.0,0.0,680,916,epithelial,20.683106437197065,0.0
300,0.0,1.0,0.0,0.0,685,954,epithelial,16.977765682006822,0.0
301,0.0,1.0,0.0,0.0,701,956,epithelial,32.4920304695357,0.37677016125643675
302,0.0,1.0,0.0,0.0,711,918,epithelial,22.17202823890703,0.0
303,0.0,1.0,0.0,0.0,770,894,epithelial,21.308773002046593,0.0
304,0.0,1.0,0.0,0.0,789,896,epithelial,23.73059715927738,0.0
305,0.0,1.0,0.0,0.0,796,909,epithelial,27.565046751858,0.0
306,0.0,1.0,0.0,0.0,664,844,epithelial,31.39344490621504,0.0
307,0.0,1.0,0.0,0.0,694,910,epithelial,16.800354197650563,0.0
308,0.0,1.0,0.0,0.0,611,814,epithelial,25.651859297616646,0.0
309,0.0,1.0,0.0,0.0,748,834,epithelial,43.10163750854759,0.0
310,0.0,1.0,0.0,0.0,777,955,epithelial,21.505166065516907,0.410116318288409
311,0.0,1.0,0.0,0.0,787,930,epithelial,20.008202828147983,0.0
312,0.0,1.0,0.0,0.0,746,957,epithelial,18.227463417825092,0.0
313,0.0,1.0,0.0,0.0,732,960,epithelial,35.77542814489926,0.5623351446188083
314,0.0,1.0,0.0,0.0,713,893,epithelial,26.369912099389243,0.0
315,0.0,1.0,0.0,0.0,685,898,epithelial,22.564408633044057,0.0
316,0.0,1.0,0.0,0.0,693,871,epithelial,25.246985357758977,0.0
317,0.0,1.0,0.0,0.0,553,726,epithelial,34.83077304012032,0.0
318,0.0,1.0,0.0,0.0,589,725,epithelial,62.962597979718794,0.0
319,0.0,1.0,0.0,0.0,610,788,epithelial,27.78929989109598,0.0
320,0.0,1.0,0.0,0.0,630,800,epithelial,28.843596050347326,0.0
321,0.0,1.0,0.0,0.0,657,824,epithelial,28.232532725646614,0.0
322,0.0,1.0,0.0,0.0,522,730,epithelial,38.34088359551295,0.0
323,0.0,1.0,0.0,0.0,436,701,epithelial,40.212520263007846,0.0
324,0.0,1.0,0.0,0.0,379,669,epithelial,36.40354398460063,0.45056120886630463
325,0.0,1.0,0.0,0.0,363,728,epithelial,33.09863265448533,0.8675632284814612
326,0.0,0.0,1.0,0.0,406,772,fibroblast and endothelial,23.53874854955844,0.6931471805599453
327,0.0,0.0,1.0,0.0,413,785,fibroblast and endothelial,22.95999715463558,0.45056120886630463
328,0.0,0.0,1.0,0.0,429,787,fibroblast and endothelial,37.31072915816641,0.6829081047004717
329,0.0,0.0,1.0,0.0,391,773,fibroblast and endothelial,23.878424216224268,0.45056120886630463
330,0.0,0.0,1.0,0.0,357,765,fibroblast and endothelial,28.62487401071331,0.9556998911125343
331,0.0,1.0,0.0,0.0,645,668,epithelial,57.11105907525495,0.0
332,0.0,1.0,0.0,0.0,693,662,epithelial,46.43122533201959,0.0
333,0.0,1.0,0.0,0.0,766,719,epithelial,41.52907298595998,0.0
334,0.0,1.0,0.0,0.0,647,632,epithelial,43.02015203075636,0.0
335,0.0,1.0,0.0,0.0,773,615,epithelial,27.97530980684677,0.0
336,0.0,1.0,0.0,0.0,788,685,epithelial,54.16800404767671,0.0
337,0.0,1.0,0.0,0.0,723,694,epithelial,51.51115271003144,0.0
338,0.0,1.0,0.0,0.0,594,617,epithelial,73.26272828620822,0.0
339,0.0,1.0,0.0,0.0,655,604,epithelial,45.41268581196246,0.0
340,0.0,1.0,0.0,0.0,388,600,epithelial,66.08096366819937,0.3250829733914482
341,0.0,1.0,0.0,0.0,570,790,epithelial,31.614407719056423,0.0
342,0.0,1.0,0.0,0.0,583,806,epithelial,28.687383814697018,0.0
343,0.0,1.0,0.0,0.0,452,757,epithelial,19.695025378671385,0.0
344,0.0,1.0,0.0,0.0,422,756,epithelial,23.178586191122648,0.45056120886630463
345,0.0,1.0,0.0,0.0,467,763,epithelial,19.432425416628,0.0
346,0.0,1.0,0.0,0.0,691,587,epithelial,34.80250163062561,0.0
347,0.0,1.0,0.0,0.0,716,738,epithelial,44.47951737285698,0.0
348,0.0,0.0,0.0,0.0,538,539,lymphocyte,55.77975244242622,0.34883209584303193
349,0.0,1.0,0.0,0.0,449,583,epithelial,50.23707483539684,0.0
350,0.0,1.0,0.0,0.0,756,539,epithelial,27.908595315574168,0.5623351446188083
351,0.0,1.0,0.0,0.0,718,568,epithelial,31.77281147289806,0.0
352,0.0,1.0,0.0,0.0,631,519,epithelial,45.539790348448406,0.0
353,0.0,1.0,0.0,0.0,575,498,epithelial,58.22563592589604,0.34883209584303193
354,0.0,1.0,0.0,0.0,557,418,epithelial,38.95736838268656,0.0
355,0.0,1.0,0.0,0.0,733,618,epithelial,54.48361811917946,0.0
356,0.0,1.0,0.0,0.0,420,689,epithelial,50.38216627561759,0.0
357,0.0,1.0,0.0,0.0,498,700,epithelial,58.53789154961523,0.0
358,0.0,1.0,0.0,0.0,533,704,epithelial,72.00806741235273,0.0
359,0.0,1.0,0.0,0.0,223,495,epithelial,71.89836782200639,0.0
360,0.0,1.0,0.0,0.0,252,485,epithelial,71.0328247014415,0.0
361,0.0,1.0,0.0,0.0,280,528,epithelial,59.23793513333304,0.0
362,0.0,1.0,0.0,0.0,198,549,epithelial,62.64744634507042,0.0
363,0.0,1.0,0.0,0.0,101,543,epithelial,55.76877532866397,0.0
364,0.0,1.0,0.0,0.0,108,654,epithelial,57.86042728527877,0.34883209584303193
365,0.0,1.0,0.0,0.0,173,666,epithelial,34.685787743701326,0.0
366,0.0,1.0,0.0,0.0,264,697,epithelial,29.147884564391926,0.5982695885852573
367,0.0,1.0,0.0,0.0,286,699,epithelial,37.472645578004794,0.7356219397587946
368,0.0,1.0,0.0,0.0,111,706,epithelial,32.69236609169685,0.45056120886630463
369,0.0,1.0,0.0,0.0,14,680,epithelial,76.1364500335356,0.0
370,0.0,1.0,0.0,0.0,77,785,epithelial,38.9421334622137,0.0
371,0.0,1.0,0.0,0.0,131,767,epithelial,29.550423213376696,0.0
372,0.0,1.0,0.0,0.0,156,779,epithelial,28.34946864779608,0.0
373,0.0,0.0,1.0,0.0,183,730,fibroblast and endothelial,31.695816839503753,1.0397207708399179
374,0.0,0.0,1.0,0.0,229,739,fibroblast and endothelial,42.71885712023027,0.8486855577264172
375,0.0,0.0,1.0,0.0,304,786,fibroblast and endothelial,36.76924073993417,1.0042424730540764
376,0.0,0.0,1.0,0.0,327,745,inflammatory,36.29201972375738,1.2554823251787537
377,0.0,0.0,1.0,0.0,190,724,fibroblast and endothelial,20.01227562507005,0.0
378,0.0,1.0,0.0,0.0,130,843,epithelial,24.254707073039963,0.0
379,0.0,1.0,0.0,0.0,109,847,epithelial,23.3466911093201,0.0
380,0.0,1.0,0.0,0.0,105,866,epithelial,18.09444910615735,0.0
381,0.0,1.0,0.0,0.0,151,837,epithelial,24.828699565180163,0.0
382,0.0,1.0,0.0,0.0,170,841,epithelial,19.57378210996644,0.410116318288409
383,0.0,1.0,0.0,0.0,190,843,epithelial,20.1026035638394,0.5982695885852573
384,0.0,1.0,0.0,0.0,283,866,epithelial,25.644388969911176,0.5982695885852573
385,0.0,1.0,0.0,0.0,330,873,epithelial,38.95513965555774,0.6615632381579821
386,0.0,1.0,0.0,0.0,268,828,epithelial,41.29500328279202,0.9556998911125343
387,0.0,1.0,0.0,0.0,130,910,epithelial,33.95200964998935,0.45056120886630463
388,0.0,1.0,0.0,0.0,210,980,epithelial,32.41082912854001,0.6829081047004717
389,0.0,1.0,0.0,0.0,156,926,epithelial,28.956742248463197,0.5982695885852573
390,0.0,1.0,0.0,0.0,165,971,epithelial,32.14517141808165,0.410116318288409
391,0.0,1.0,0.0,0.0,146,906,epithelial,20.96860822187358,0.9556998911125343
392,0.0,1.0,0.0,0.0,316,1178,epithelial,43.87619084010097,0.0
393,0.0,1.0,0.0,0.0,165,1132,epithelial,37.753843375234226,0.0
394,0.0,1.0,0.0,0.0,128,1067,epithelial,44.173586753502406,0.0
395,0.0,1.0,0.0,0.0,95,1115,epithelial,90.64312105339505,0.0
396,0.0,1.0,0.0,0.0,193,1103,epithelial,41.75423186635327,0.0
397,0.0,1.0,0.0,0.0,279,1047,epithelial,18.627940295700817,0.45056120886630463
398,0.0,1.0,0.0,0.0,239,1025,epithelial,26.674432548475,0.0
399,0.0,1.0,0.0,0.0,363,1119,epithelial,26.151181962130448,0.0
400,0.0,1.0,0.0,0.0,296,1062,epithelial,20.508490723670857,0.410116318288409
401,0.0,1.0,0.0,0.0,269,1054,epithelial,17.49021452023278,0.0
402,0.0,1.0,0.0,0.0,189,984,epithelial,34.52545159571425,0.410116318288409
403,0.0,1.0,0.0,0.0,289,1101,epithelial,32.31737699180838,0.0
404,0.0,1.0,0.0,0.0,377,1178,epithelial,36.702057725112375,0.0
405,0.0,1.0,0.0,0.0,340,1100,epithelial,20.31591178930651,0.0
406,0.0,1.0,0.0,0.0,279,1071,epithelial,25.006892279508694,0.0
407,0.0,1.0,0.0,0.0,208,997,epithelial,31.44470521893129,0.0
408,0.0,0.0,1.0,0.0,194,869,fibroblast and endothelial,34.09560739658309,0.6615632381579821
409,0.0,0.0,1.0,0.0,232,924,fibroblast and endothelial,37.537428424863556,0.0
410,0.0,0.0,1.0,0.0,253,939,fibroblast and endothelial,64.77765555326293,0.5297061990576545
411,0.0,0.0,1.0,0.0,287,1020,fibroblast and endothelial,46.33156014848724,0.6869615765973234
412,0.0,0.0,1.0,0.0,341,1026,fibroblast and endothelial,63.638362144220174,0.6365141682948128
413,0.0,0.0,1.0,0.0,315,1014,fibroblast and endothelial,77.43456112969638,0.5982695885852573
414,0.0,0.0,1.0,0.0,229,944,fibroblast and endothelial,25.288987720932482,0.410116318288409
415,0.0,1.0,0.0,0.0,283,833,epithelial,30.244577059184074,0.45056120886630463
416,0.0,1.0,0.0,0.0,340,1283,epithelial,27.50658163967866,0.0
417,0.0,1.0,0.0,0.0,333,1297,epithelial,29.91015818641818,0.5623351446188083
418,0.0,1.0,0.0,0.0,243,1253,epithelial,29.11877763666672,0.6365141682948128
419,0.0,1.0,0.0,0.0,256,1255,epithelial,30.240759576920464,0.5623351446188083
420,0.0,1.0,0.0,0.0,198,1254,epithelial,17.65737503024438,0.45056120886630463
421,0.0,1.0,0.0,0.0,181,1406,epithelial,23.3476082275274,0.0
422,0.0,1.0,0.0,0.0,171,1356,epithelial,26.535759295315955,0.0
423,0.0,1.0,0.0,0.0,164,1293,epithelial,19.631018673733518,0.0
424,0.0,1.0,0.0,0.0,213,1385,epithelial,17.536782926824664,0.0
425,0.0,1.0,0.0,0.0,202,1466,epithelial,19.036016745689835,0.0
426,0.0,1.0,0.0,0.0,212,1434,epithelial,16.36600192793632,0.0
427,0.0,1.0,0.0,0.0,271,1565,epithelial,23.58313451737673,0.0
428,0.0,1.0,0.0,0.0,213,1476,epithelial,18.463125694670616,0.45056120886630463
429,0.0,1.0,0.0,0.0,186,1266,epithelial,23.50477382719602,0.410116318288409
430,0.0,1.0,0.0,0.0,187,1423,epithelial,18.80204660100514,0.0
431,0.0,0.0,1.0,0.0,268,1301,fibroblast and endothelial,34.66992332225408,0.6615632381579821
432,0.0,0.0,1.0,0.0,295,1327,fibroblast and endothelial,50.27575597732325,0.6365141682948128
433,0.0,0.0,1.0,0.0,321,1335,fibroblast and endothelial,33.81495884557556,0.6365141682948128
434,0.0,0.0,1.0,0.0,340,1405,fibroblast and endothelial,51.70181313667299,0.410116318288409
435,0.0,0.0,1.0,0.0,323,1456,fibroblast and endothelial,39.56150230381766,0.0
436,0.0,1.0,0.0,0.0,161,1279,epithelial,23.975961610502953,0.0
437,0.0,1.0,0.0,0.0,141,1258,epithelial,24.77032404075562,0.0
438,0.0,1.0,0.0,0.0,123,1317,epithelial,32.27095926181573,0.0
439,0.0,1.0,0.0,0.0,180,1298,epithelial,28.006106343036198,0.5623351446188083
440,0.0,1.0,0.0,0.0,298,1580,epithelial,28.242364951341223,0.45056120886630463
441,0.0,1.0,0.0,0.0,325,1633,epithelial,21.76683491129499,0.5982695885852573
442,0.0,1.0,0.0,0.0,218,1712,epithelial,16.766727404451487,0.0
443,0.0,1.0,0.0,0.0,164,1688,epithelial,17.84980320588192,0.0
444,0.0,1.0,0.0,0.0,155,1678,epithelial,16.15763567685849,0.0
445,0.0,1.0,0.0,0.0,234,1738,epithelial,18.427974076894433,0.0
446,0.0,1.0,0.0,0.0,221,1738,epithelial,22.798160023809306,0.410116318288409
447,0.0,1.0,0.0,0.0,271,1769,epithelial,18.464372159602334,0.45056120886630463
448,0.0,1.0,0.0,0.0,267,1750,epithelial,19.72382847341681,0.0
449,0.0,1.0,0.0,0.0,262,1686,epithelial,24.389133191337795,0.0
450,0.0,1.0,0.0,0.0,273,1699,epithelial,24.985667431570977,0.37677016125643675
451,0.0,1.0,0.0,0.0,258,1660,epithelial,24.49272794604259,0.0
452,0.0,1.0,0.0,0.0,82,1613,epithelial,18.102031124723037,0.0
453,0.0,1.0,0.0,0.0,55,1822,epithelial,20.046507018653887,0.0
454,0.0,1.0,0.0,0.0,73,1827,epithelial,26.218003511085282,0.5297061990576545
455,0.0,1.0,0.0,0.0,93,1835,epithelial,20.80496730226735,0.45056120886630463
456,0.0,1.0,0.0,0.0,115,1838,epithelial,23.563089718264166,0.5623351446188083
457,0.0,1.0,0.0,0.0,120,1873,epithelial,21.420025822029313,0.0
458,0.0,1.0,0.0,0.0,105,1883,epithelial,25.75896667525622,0.0
459,0.0,1.0,0.0,0.0,109,1900,epithelial,20.999790327431967,0.0
460,0.0,1.0,0.0,0.0,20,1909,epithelial,22.14087996866467,0.45056120886630463
461,0.0,1.0,0.0,0.0,148,1910,epithelial,22.402899232220836,0.0
462,0.0,1.0,0.0,0.0,133,1929,epithelial,24.616992305967134,0.5982695885852573
463,0.0,1.0,0.0,0.0,160,1883,epithelial,18.588439109353086,0.0
464,0.0,1.0,0.0,0.0,77,1938,epithelial,23.672114286188492,0.5982695885852573
465,0.0,0.0,1.0,0.0,29,1985,fibroblast and endothelial,32.21595873382655,0.0
466,0.0,0.0,1.0,0.0,33,1976,fibroblast and endothelial,22.066622173269124,0.0
467,0.0,0.0,1.0,0.0,88,1958,fibroblast and endothelial,28.03349057498566,0.6615632381579821
468,0.0,0.0,1.0,0.0,103,1975,fibroblast and endothelial,22.94836463238284,0.0
469,0.0,0.0,1.0,0.0,123,1969,fibroblast and endothelial,34.315649227621606,0.6829081047004717
470,0.0,0.0,1.0,0.0,127,1985,fibroblast and endothelial,46.756978545551874,0.410116318288409
471,0.0,0.0,1.0,0.0,308,1985,fibroblast and endothelial,51.547763057610105,0.0
472,0.0,0.0,1.0,0.0,350,1989,fibroblast and endothelial,72.1811115695373,0.0
473,0.0,0.0,1.0,0.0,117,1813,fibroblast and endothelial,40.7829521557705,0.5297061990576545
474,0.0,0.0,1.0,0.0,95,1801,fibroblast and endothelial,26.768843531802816,0.6365141682948128
475,0.0,0.0,1.0,0.0,92,1774,fibroblast and endothelial,41.224938918325094,0.5623351446188083
476,0.0,0.0,1.0,0.0,170,1810,fibroblast and endothelial,41.58027152942194,0.9002560512685369
477,0.0,0.0,1.0,0.0,92,1758,fibroblast and endothelial,33.702042646949785,0.0
478,0.0,0.0,0.0,1.0,176,1789,inflammatory,27.34808943329729,0.5004024235381879
479,0.0,0.0,1.0,0.0,36,1696,fibroblast and endothelial,53.36744823098916,0.37677016125643675
480,0.0,0.0,1.0,0.0,216,1986,fibroblast and endothelial,90.61739399346762,0.5982695885852573
481,0.0,0.0,1.0,0.0,33,1754,fibroblast and endothelial,46.1890608667292,0.6869615765973234
482,0.0,1.0,0.0,0.0,796,499,fibroblast and endothelial,41.44083537670443,0.5982695885852573
483,0.0,1.0,0.0,0.0,804,524,fibroblast and endothelial,18.56408947018909,0.0
484,0.0,1.0,0.0,0.0,791,532,fibroblast and endothelial,28.09037553282363,0.5982695885852573
485,0.0,1.0,0.0,0.0,789,540,fibroblast and endothelial,23.077878395103365,0.6931471805599453
486,0.0,1.0,0.0,0.0,818,522,fibroblast and endothelial,27.04201941036674,0.0
487,0.0,1.0,0.0,0.0,852,522,fibroblast and endothelial,29.774042216201003,0.0
488,0.0,1.0,0.0,0.0,859,512,fibroblast and endothelial,49.631721324343964,0.410116318288409
489,0.0,1.0,0.0,0.0,920,651,fibroblast and endothelial,42.01047635251576,0.6829081047004717
490,0.0,1.0,0.0,0.0,954,812,fibroblast and endothelial,48.20185916256105,0.9433483923290391
491,0.0,1.0,0.0,0.0,970,794,fibroblast and endothelial,61.340705055501715,0.6365141682948128
492,0.0,1.0,0.0,0.0,996,810,fibroblast and endothelial,40.383283497338645,0.0
493,0.0,1.0,0.0,0.0,1003,820,fibroblast and endothelial,21.667482030911135,0.0
494,0.0,1.0,0.0,0.0,1056,848,fibroblast and endothelial,54.97907272059113,0.0
495,0.0,1.0,0.0,0.0,1113,900,fibroblast and endothelial,63.94033174854651,0.0
496,0.0,1.0,0.0,0.0,1106,893,fibroblast and endothelial,63.38256247078539,0.0
497,0.0,1.0,0.0,0.0,1180,867,fibroblast and endothelial,72.02442502101918,0.0
498,0.0,1.0,0.0,0.0,1185,858,fibroblast and endothelial,84.50682536970324,0.0
499,0.0,1.0,0.0,0.0,1000,938,fibroblast and endothelial,89.44963027711073,0.0
500,0.0,1.0,0.0,0.0,1099,960,fibroblast and endothelial,88.56626698667246,0.0
501,0.0,1.0,0.0,0.0,890,950,fibroblast and endothelial,68.0799484233764,0.936888307539016
502,0.0,1.0,0.0,0.0,751,1032,fibroblast and endothelial,61.46327281264159,0.6365141682948128
503,0.0,1.0,0.0,0.0,763,1037,fibroblast and endothelial,45.006083961707496,0.0
504,0.0,1.0,0.0,0.0,763,1017,fibroblast and endothelial,42.908202004176054,0.6615632381579821
505,0.0,1.0,0.0,0.0,750,1044,fibroblast and endothelial,70.49913501020612,0.0
506,0.0,1.0,0.0,0.0,627,1144,fibroblast and endothelial,34.85821461411233,0.5004024235381879
507,0.0,1.0,0.0,0.0,632,1161,fibroblast and endothelial,38.22576307909755,0.0
508,0.0,1.0,0.0,0.0,645,1200,fibroblast and endothelial,35.65597773348068,0.0
509,0.0,1.0,0.0,0.0,655,1198,fibroblast and endothelial,42.92664931643029,0.0
510,0.0,1.0,0.0,0.0,660,1225,fibroblast and endothelial,43.21699171846302,0.0
511,0.0,1.0,0.0,0.0,599,1310,fibroblast and endothelial,29.881116441158646,0.0
512,0.0,1.0,0.0,0.0,578,1330,fibroblast and endothelial,51.441170810837754,0.37677016125643675
513,0.0,1.0,0.0,0.0,595,1332,fibroblast and endothelial,31.95149647069959,0.0
514,0.0,1.0,0.0,0.0,724,1247,fibroblast and endothelial,70.77822916393788,0.0
515,0.0,1.0,0.0,0.0,725,1233,fibroblast and endothelial,79.2217385860651,0.0
516,0.0,1.0,0.0,0.0,859,1134,fibroblast and endothelial,131.14464904167986,0.0
517,0.0,1.0,0.0,0.0,914,1185,fibroblast and endothelial,84.30336736189565,0.0
518,0.0,1.0,0.0,0.0,914,1250,fibroblast and endothelial,91.26608636906428,0.0
519,0.0,1.0,0.0,0.0,602,1489,fibroblast and endothelial,25.908410286989145,0.0
520,0.0,1.0,0.0,0.0,594,1498,fibroblast and endothelial,26.26717727243466,0.0
521,0.0,1.0,0.0,0.0,579,1499,fibroblast and endothelial,34.11015838043689,0.0
522,0.0,1.0,0.0,0.0,561,1501,fibroblast and endothelial,71.92960077262245,0.0
523,0.0,1.0,0.0,0.0,604,1460,fibroblast and endothelial,79.51300163648911,0.0
524,0.0,1.0,0.0,0.0,560,1438,fibroblast and endothelial,61.8308610154939,0.0
525,0.0,1.0,0.0,0.0,521,1443,fibroblast and endothelial,40.969959873112984,0.0
526,0.0,1.0,0.0,0.0,508,1457,fibroblast and endothelial,62.82085853595282,0.0
527,0.0,1.0,0.0,0.0,493,1422,fibroblast and endothelial,65.02270928949874,0.37677016125643675
528,0.0,1.0,0.0,0.0,426,1426,fibroblast and endothelial,80.14162106493802,0.6829081047004717
529,0.0,1.0,0.0,0.0,367,1427,fibroblast and endothelial,68.99478164156803,0.410116318288409
530,0.0,1.0,0.0,0.0,339,1451,fibroblast and endothelial,52.661309363487646,0.0
531,0.0,1.0,0.0,0.0,313,1411,fibroblast and endothelial,42.452803662511634,0.0
532,0.0,1.0,0.0,0.0,330,1366,fibroblast and endothelial,45.60319892183498,0.0
533,0.0,1.0,0.0,0.0,343,1339,fibroblast and endothelial,38.91638054926429,0.6829081047004717
534,0.0,1.0,0.0,0.0,260,1315,fibroblast and endothelial,31.535820531064275,0.5004024235381879
535,0.0,1.0,0.0,0.0,225,1297,fibroblast and endothelial,44.803278165537165,0.6869615765973234
536,0.0,1.0,0.0,0.0,206,1272,fibroblast and endothelial,30.720804211684,0.5623351446188083
537,0.0,1.0,0.0,0.0,265,1325,fibroblast and endothelial,44.74534388792149,0.6931471805599453
538,0.0,1.0,0.0,0.0,252,1422,fibroblast and endothelial,41.206510423237496,0.6365141682948128
539,0.0,1.0,0.0,0.0,274,1409,fibroblast and endothelial,53.98356659943973,0.410116318288409
540,0.0,1.0,0.0,0.0,310,1457,fibroblast and endothelial,66.82695911255527,0.8486855577264172
541,0.0,1.0,0.0,0.0,357,1531,fibroblast and endothelial,68.40090535001278,0.6554817739013927
542,0.0,1.0,0.0,0.0,384,1525,fibroblast and endothelial,71.82053465244236,0.0
543,0.0,1.0,0.0,0.0,364,1629,fibroblast and endothelial,55.74496324396315,0.5982695885852573
544,0.0,1.0,0.0,0.0,372,1578,fibroblast and endothelial,56.76781707540409,0.6615632381579821
545,0.0,1.0,0.0,0.0,391,1559,fibroblast and endothelial,47.54255110539102,0.0
546,0.0,1.0,0.0,0.0,348,1649,fibroblast and endothelial,36.07104250415045,0.6869615765973234
547,0.0,1.0,0.0,0.0,353,1704,fibroblast and endothelial,50.052043042818205,0.9002560512685369
548,0.0,1.0,0.0,0.0,334,1769,fibroblast and endothelial,55.984270614464265,1.0397207708399179
549,0.0,1.0,0.0,0.0,196,1775,fibroblast and endothelial,42.74939458668077,0.9649629230074277
550,0.0,1.0,0.0,0.0,164,1779,fibroblast and endothelial,30.21098554210591,0.45056120886630463
551,0.0,1.0,0.0,0.0,153,1771,fibroblast and endothelial,56.800671293411405,0.8018185525433372
552,0.0,1.0,0.0,0.0,223,1796,fibroblast and endothelial,44.19826249719338,0.936888307539016
553,0.0,1.0,0.0,0.0,108,1697,fibroblast and endothelial,40.524555723924095,0.9002560512685369
554,0.0,1.0,0.0,0.0,62,1645,fibroblast and endothelial,38.75284324640846,0.9743147528693494
555,0.0,1.0,0.0,0.0,102,1668,fibroblast and endothelial,40.1056400859636,0.6931471805599453
556,0.0,1.0,0.0,0.0,66,1727,fibroblast and endothelial,38.39370185925662,0.0
557,0.0,1.0,0.0,0.0,94,1740,fibroblast and endothelial,41.01946776192842,0.410116318288409
558,0.0,1.0,0.0,0.0,55,1748,fibroblast and endothelial,37.336543942268015,0.410116318288409
559,0.0,1.0,0.0,0.0,8,1706,fibroblast and endothelial,71.71233515650087,1.0114042647073516
560,0.0,1.0,0.0,0.0,98,1815,fibroblast and endothelial,22.07397418115635,0.6931471805599453
561,0.0,1.0,0.0,0.0,181,1832,fibroblast and endothelial,34.9460676154795,0.6365141682948128
562,0.0,1.0,0.0,0.0,200,1854,fibroblast and endothelial,64.3977991689488,0.9743147528693494
563,0.0,1.0,0.0,0.0,284,1898,fibroblast and endothelial,86.36975351653174,0.9002560512685369
564,0.0,1.0,0.0,0.0,318,1926,fibroblast and endothelial,71.2743194853242,0.37677016125643675
565,0.0,1.0,0.0,0.0,256,1993,fibroblast and endothelial,91.7722146261061,0.0
566,0.0,1.0,0.0,0.0,90,1986,fibroblast and endothelial,26.979771747451387,0.0
567,0.0,1.0,0.0,0.0,83,1994,fibroblast and endothelial,76.08821769148216,0.0
568,0.0,1.0,0.0,0.0,111,1948,fibroblast and endothelial,23.980815513793917,0.6829081047004717
569,0.0,1.0,0.0,0.0,51,1970,fibroblast and endothelial,34.36432060531784,0.5297061990576545
570,0.0,1.0,0.0,0.0,30,1953,fibroblast and endothelial,29.19294137815238,0.5982695885852573
571,0.0,1.0,0.0,0.0,6,1945,fibroblast and endothelial,31.077643889649814,0.6931471805599453
572,0.0,1.0,0.0,0.0,0,1961,fibroblast and endothelial,58.06338065716984,0.6615632381579821
573,0.0,1.0,0.0,0.0,385,1947,fibroblast and endothelial,65.51945891703515,0.45056120886630463
574,0.0,1.0,0.0,0.0,640,1869,fibroblast and endothelial,125.51096676681433,0.0
575,0.0,1.0,0.0,0.0,765,1683,fibroblast and endothelial,52.382730174046095,0.410116318288409
576,0.0,1.0,0.0,0.0,770,1708,fibroblast and endothelial,29.493635204765017,0.37677016125643675
577,0.0,1.0,0.0,0.0,754,1737,fibroblast and endothelial,38.71994677784511,0.37677016125643675
578,0.0,1.0,0.0,0.0,751,1725,fibroblast and endothelial,17.720490995198418,0.5623351446188083
579,0.0,1.0,0.0,0.0,709,1775,fibroblast and endothelial,36.70669824363782,0.6365141682948128
580,0.0,1.0,0.0,0.0,728,1778,fibroblast and endothelial,28.55423829432073,0.6829081047004717
581,0.0,1.0,0.0,0.0,748,1767,fibroblast and endothelial,28.551183998728835,0.5004024235381879
582,0.0,1.0,0.0,0.0,759,1776,fibroblast and endothelial,38.51900767932198,0.410116318288409
583,0.0,1.0,0.0,0.0,804,1790,fibroblast and endothelial,44.92509353043147,0.45056120886630463
584,0.0,1.0,0.0,0.0,824,1760,fibroblast and endothelial,63.97831104997132,0.0
585,0.0,1.0,0.0,0.0,803,1705,fibroblast and endothelial,62.71754239310608,0.0
586,0.0,1.0,0.0,0.0,796,1697,fibroblast and endothelial,32.23699465141473,0.0
587,0.0,1.0,0.0,0.0,789,1693,fibroblast and endothelial,34.19680214798334,0.0
588,0.0,1.0,0.0,0.0,798,1615,fibroblast and endothelial,82.07750058814224,0.0
589,0.0,1.0,0.0,0.0,925,1787,fibroblast and endothelial,29.79997449151804,0.5623351446188083
590,0.0,1.0,0.0,0.0,944,1932,fibroblast and endothelial,57.42467283700889,0.0
591,0.0,1.0,0.0,0.0,930,1551,fibroblast and endothelial,121.15385784866051,0.0
592,0.0,1.0,0.0,0.0,901,1482,fibroblast and endothelial,89.55946261092168,0.0
593,0.0,1.0,0.0,0.0,892,1481,fibroblast and endothelial,90.85694629558952,0.0
594,0.0,1.0,0.0,0.0,765,1484,fibroblast and endothelial,25.934440292147485,0.0
595,0.0,1.0,0.0,0.0,768,1555,fibroblast and endothelial,32.39867127238949,0.0
596,0.0,1.0,0.0,0.0,765,1561,fibroblast and endothelial,10.382787664632016,0.0
597,0.0,1.0,0.0,0.0,892,1387,fibroblast and endothelial,104.75197736349604,0.0
598,0.0,1.0,0.0,0.0,998,1259,fibroblast and endothelial,65.50716941095786,0.0
599,0.0,1.0,0.0,0.0,728,1171,fibroblast and endothelial,98.34773320153431,0.37677016125643675
600,0.0,1.0,0.0,0.0,582,1181,fibroblast and endothelial,61.33833087062676,0.5297061990576545
601,0.0,1.0,0.0,0.0,520,1076,inflammatory,60.253114404343705,0.45056120886630463
602,0.0,1.0,0.0,0.0,488,1068,fibroblast and endothelial,40.455648250909434,0.8675632284814612
603,0.0,1.0,0.0,0.0,512,1096,fibroblast and endothelial,45.87763851522862,0.9743147528693494
604,0.0,1.0,0.0,0.0,425,1064,fibroblast and endothelial,33.135277282631044,0.5982695885852573
605,0.0,1.0,0.0,0.0,430,1074,fibroblast and endothelial,25.918162417746693,1.0114042647073516
606,0.0,1.0,0.0,0.0,416,1072,lymphocyte,25.977811210764184,1.0114042647073516
607,0.0,1.0,0.0,0.0,456,1017,lymphocyte,44.40261483984476,0.37677016125643675
608,0.0,1.0,0.0,0.0,484,990,fibroblast and endothelial,23.34344260105452,0.0
609,0.0,1.0,0.0,0.0,509,1010,fibroblast and endothelial,54.393127146729725,0.7595473914748635
610,0.0,1.0,0.0,0.0,466,974,fibroblast and endothelial,47.65613731340722,0.0
611,0.0,1.0,0.0,0.0,432,987,fibroblast and endothelial,64.5785976186297,0.6837389058487535
612,0.0,1.0,0.0,0.0,315,1040,fibroblast and endothelial,31.049491889883594,0.6931471805599453
613,0.0,1.0,0.0,0.0,236,959,fibroblast and endothelial,27.04051550155127,0.6730116670092565
614,0.0,1.0,0.0,0.0,246,949,fibroblast and endothelial,36.12918332260745,0.45056120886630463
615,0.0,1.0,0.0,0.0,198,936,fibroblast and endothelial,40.7810472642665,0.6869615765973234
616,0.0,1.0,0.0,0.0,206,913,fibroblast and endothelial,38.76308551378936,0.0
617,0.0,1.0,0.0,0.0,277,886,fibroblast and endothelial,40.973171454950254,0.6615632381579821
618,0.0,1.0,0.0,0.0,231,868,fibroblast and endothelial,39.48272733409515,0.6615632381579821
619,0.0,1.0,0.0,0.0,284,879,fibroblast and endothelial,27.962034254232094,0.6730116670092565
620,0.0,1.0,0.0,0.0,421,855,fibroblast and endothelial,59.681347740499454,0.6869615765973234
621,0.0,1.0,0.0,0.0,474,847,fibroblast and endothelial,42.8747591346789,0.6829081047004717
622,0.0,1.0,0.0,0.0,469,879,fibroblast and endothelial,76.05512613557342,0.37677016125643675
623,0.0,1.0,0.0,0.0,525,863,fibroblast and endothelial,48.902461957473136,0.6615632381579821
624,0.0,1.0,0.0,0.0,372,799,fibroblast and endothelial,34.814932035847015,0.410116318288409
625,0.0,1.0,0.0,0.0,386,803,fibroblast and endothelial,38.9577048981025,0.37677016125643675
626,0.0,1.0,0.0,0.0,380,776,fibroblast and endothelial,25.432242092493993,0.410116318288409
627,0.0,1.0,0.0,0.0,360,773,fibroblast and endothelial,18.35865345747708,0.0
628,0.0,1.0,0.0,0.0,344,772,fibroblast and endothelial,25.813644258360018,0.410116318288409
629,0.0,1.0,0.0,0.0,328,791,fibroblast and endothelial,43.879325166128,0.6615632381579821
630,0.0,1.0,0.0,0.0,316,777,fibroblast and endothelial,23.027270138313288,0.8675632284814612
631,0.0,1.0,0.0,0.0,238,776,fibroblast and endothelial,45.974306606808526,1.0608569471580214
632,0.0,1.0,0.0,0.0,225,749,fibroblast and endothelial,25.490476472019367,0.5004024235381879
633,0.0,1.0,0.0,0.0,198,746,fibroblast and endothelial,24.83811864428036,0.410116318288409
634,0.0,1.0,0.0,0.0,191,751,lymphocyte,34.57620100087097,0.9743147528693494
635,0.0,1.0,0.0,0.0,207,711,fibroblast and endothelial,28.016364735681808,0.410116318288409
636,0.0,1.0,0.0,0.0,153,697,lymphocyte,33.813236555162476,1.0397207708399179
637,0.0,1.0,0.0,0.0,131,678,lymphocyte,32.11619644103079,0.5982695885852573
638,0.0,1.0,0.0,0.0,232,714,fibroblast and endothelial,28.806199189546028,0.6931471805599453
639,0.0,1.0,0.0,0.0,191,698,fibroblast and endothelial,28.512460613295787,0.9743147528693494
640,0.0,1.0,0.0,0.0,613,946,fibroblast and endothelial,68.52748567828172,0.6730116670092565
641,0.0,1.0,0.0,0.0,533,930,fibroblast and endothelial,61.46515529376539,0.3250829733914482
642,0.0,1.0,0.0,0.0,543,980,fibroblast and endothelial,53.6165585556691,0.45056120886630463
643,0.0,1.0,0.0,0.0,536,977,lymphocyte,30.420120448744733,0.5004024235381879
644,0.0,1.0,0.0,0.0,899,1051,fibroblast and endothelial,106.01684927595666,0.0
645,0.0,1.0,0.0,0.0,865,999,fibroblast and endothelial,59.339103969111925,0.0
646,0.0,1.0,0.0,0.0,803,1029,fibroblast and endothelial,69.48817952164451,0.0
647,0.0,1.0,0.0,0.0,781,1302,fibroblast and endothelial,115.50462138751485,0.0
648,0.0,1.0,0.0,0.0,1129,1424,fibroblast and endothelial,191.31370761636623,0.0
649,0.0,1.0,0.0,0.0,933,1775,inflammatory,78.29695849068655,0.410116318288409
650,0.0,1.0,0.0,0.0,1185,1958,fibroblast and endothelial,74.61168430489612,0.0
651,0.0,1.0,0.0,0.0,1194,1969,fibroblast and endothelial,74.014658781949,0.0
652,0.0,1.0,0.0,0.0,1423,1682,inflammatory,115.36643028876797,0.410116318288409
653,0.0,1.0,0.0,0.0,1360,1617,fibroblast and endothelial,71.80846989374997,0.410116318288409
654,0.0,1.0,0.0,0.0,1423,1662,fibroblast and endothelial,72.30114023085585,0.5623351446188083
655,0.0,1.0,0.0,0.0,1421,1655,fibroblast and endothelial,109.51475308954242,0.410116318288409
656,0.0,1.0,0.0,0.0,1406,1423,fibroblast and endothelial,39.679772913391076,0.5623351446188083
657,0.0,1.0,0.0,0.0,1422,1396,inflammatory,85.69287542230028,0.410116318288409
658,0.0,1.0,0.0,0.0,1528,1269,fibroblast and endothelial,54.02326356260447,0.0
659,0.0,1.0,0.0,0.0,1529,1257,fibroblast and endothelial,50.881604883892926,0.410116318288409
660,0.0,1.0,0.0,0.0,1546,1304,fibroblast and endothelial,103.33110514813279,0.0
661,0.0,1.0,0.0,0.0,1523,1230,fibroblast and endothelial,40.557563264478446,0.5004024235381879
662,0.0,1.0,0.0,0.0,1461,1229,fibroblast and endothelial,43.344864470200875,0.34883209584303193
663,0.0,1.0,0.0,0.0,1437,1215,fibroblast and endothelial,37.80304896556921,0.0
664,0.0,1.0,0.0,0.0,1364,1253,fibroblast and endothelial,107.0388534732782,0.3250829733914482
665,0.0,1.0,0.0,0.0,1331,1293,fibroblast and endothelial,126.24642098810371,0.45056120886630463
666,0.0,1.0,0.0,0.0,1241,1182,fibroblast and endothelial,123.40357645276384,0.0
667,0.0,1.0,0.0,0.0,1298,1157,fibroblast and endothelial,107.48834171590555,0.0
668,0.0,1.0,0.0,0.0,1457,1154,fibroblast and endothelial,91.53894786801703,0.34883209584303193
669,0.0,1.0,0.0,0.0,1526,1096,fibroblast and endothelial,55.86227290644994,0.410116318288409
670,0.0,1.0,0.0,0.0,1534,1111,fibroblast and endothelial,60.78667463904935,0.0
671,0.0,1.0,0.0,0.0,1533,1219,inflammatory,72.03623625592566,0.34883209584303193
672,0.0,1.0,0.0,0.0,1581,1060,fibroblast and endothelial,54.97032959544432,0.37677016125643675
673,0.0,1.0,0.0,0.0,1598,1018,fibroblast and endothelial,36.61175352893618,0.5982695885852573
674,0.0,1.0,0.0,0.0,1603,1027,fibroblast and endothelial,9.78367175970814,0.0
675,0.0,1.0,0.0,0.0,1604,1036,fibroblast and endothelial,18.968695829424078,0.0
676,0.0,1.0,0.0,0.0,1613,1038,fibroblast and endothelial,44.18929592012572,0.0
677,0.0,1.0,0.0,0.0,1613,1027,fibroblast and endothelial,30.05327574243924,0.37677016125643675
678,0.0,1.0,0.0,0.0,1621,1079,fibroblast and endothelial,34.94941939022124,0.0
679,0.0,1.0,0.0,0.0,1598,1066,fibroblast and endothelial,27.87279292537181,0.0
680,0.0,1.0,0.0,0.0,1604,1098,fibroblast and endothelial,37.1419416026583,0.0
681,0.0,1.0,0.0,0.0,1605,1110,fibroblast and endothelial,40.02366871949439,0.0
682,0.0,1.0,0.0,0.0,1601,1124,fibroblast and endothelial,44.99744749430687,0.0
683,0.0,1.0,0.0,0.0,1594,1144,fibroblast and endothelial,32.22704513653274,0.0
684,0.0,1.0,0.0,0.0,1588,1159,fibroblast and endothelial,29.201694470944275,0.0
685,0.0,1.0,0.0,0.0,1582,1175,fibroblast and endothelial,47.42407531365913,0.410116318288409
686,0.0,1.0,0.0,0.0,1667,1083,fibroblast and endothelial,57.35427837490634,0.0
687,0.0,1.0,0.0,0.0,1661,997,fibroblast and endothelial,71.6100610454208,0.5004024235381879
688,0.0,1.0,0.0,0.0,1682,1026,fibroblast and endothelial,58.6112197709556,0.0
689,0.0,1.0,0.0,0.0,1619,994,inflammatory,98.7277499525577,0.6365141682948128
690,0.0,1.0,0.0,0.0,1689,1046,fibroblast and endothelial,25.888443469140157,0.0
691,0.0,1.0,0.0,0.0,1682,1068,fibroblast and endothelial,35.281136433610406,0.0
692,0.0,1.0,0.0,0.0,1705,1083,fibroblast and endothelial,24.33448478994392,0.0
693,0.0,1.0,0.0,0.0,1696,1073,fibroblast and endothelial,21.560062430354332,0.0
694,0.0,1.0,0.0,0.0,1701,1092,fibroblast and endothelial,67.27562027116646,0.0
695,0.0,1.0,0.0,0.0,1716,1062,fibroblast and endothelial,45.503280638730224,0.0
696,0.0,1.0,0.0,0.0,1756,1132,fibroblast and endothelial,45.40769256790478,0.0
697,0.0,1.0,0.0,0.0,1755,1140,fibroblast and endothelial,87.55217831769848,0.0
698,0.0,1.0,0.0,0.0,1743,1116,fibroblast and endothelial,48.329204674853024,0.0
699,0.0,1.0,0.0,0.0,1801,1056,fibroblast and endothelial,105.71422271430573,0.0
700,0.0,1.0,0.0,0.0,1681,1268,fibroblast and endothelial,102.871165613943,0.0
701,0.0,1.0,0.0,0.0,1647,1239,fibroblast and endothelial,108.54083499858457,0.34883209584303193
702,0.0,1.0,0.0,0.0,1777,1265,fibroblast and endothelial,91.5211736004506,0.0
703,0.0,1.0,0.0,0.0,1796,1278,fibroblast and endothelial,79.74087128462168,0.0
704,0.0,1.0,0.0,0.0,1841,1310,fibroblast and endothelial,78.69722008884119,0.0
705,0.0,1.0,0.0,0.0,1835,1373,fibroblast and endothelial,106.18040945770406,0.34883209584303193
706,0.0,1.0,0.0,0.0,1876,1326,fibroblast and endothelial,71.5630984602651,0.5004024235381879
707,0.0,1.0,0.0,0.0,1926,1324,inflammatory,109.77761900275097,0.5004024235381879
708,0.0,1.0,0.0,0.0,1748,1624,inflammatory,131.9438088451798,0.37677016125643675
709,0.0,1.0,0.0,0.0,1798,1498,fibroblast and endothelial,98.2104438907435,0.45056120886630463
710,0.0,1.0,0.0,0.0,1729,1444,fibroblast and endothelial,144.26695113724003,0.37677016125643675
711,0.0,1.0,0.0,0.0,1561,1444,fibroblast and endothelial,128.93919755196757,0.0
712,0.0,1.0,0.0,0.0,1668,1666,fibroblast and endothelial,135.88632876747323,0.6730116670092565
713,0.0,1.0,0.0,0.0,1742,1717,fibroblast and endothelial,172.23793005731915,0.6615632381579821
714,0.0,1.0,0.0,0.0,497,1299,fibroblast and endothelial,34.514133831298814,1.0549201679861442
715,0.0,1.0,0.0,0.0,15,1660,lymphocyte,56.805546826069154,1.0042424730540764
716,0.0,1.0,0.0,0.0,123,1705,lymphocyte,42.15296832731368,1.0114042647073516
717,0.0,1.0,0.0,0.0,304,1771,fibroblast and endothelial,41.69377604503913,0.8486855577264172
718,0.0,1.0,0.0,0.0,91,1930,epithelial,19.25361239280208,0.410116318288409
719,0.0,1.0,0.0,0.0,101,1919,epithelial,19.122865179161717,0.0
720,0.0,1.0,0.0,0.0,104,1932,epithelial,17.56583976154781,0.6365141682948128
721,0.0,1.0,0.0,0.0,126,1906,epithelial,22.299778815466468,0.0
722,0.0,1.0,0.0,0.0,130,1890,epithelial,20.767841390362264,0.0
723,0.0,1.0,0.0,0.0,117,1929,epithelial,18.56653264877355,0.45056120886630463
724,0.0,1.0,0.0,0.0,146,1927,epithelial,21.910575440586562,0.5004024235381879
725,0.0,1.0,0.0,0.0,155,1924,epithelial,41.614151839717174,0.6829081047004717
726,0.0,1.0,0.0,0.0,169,1918,epithelial,52.45424908420364,0.6365141682948128
727,0.0,1.0,0.0,0.0,172,1893,epithelial,42.15848092026028,0.5623351446188083
728,0.0,1.0,0.0,0.0,146,1889,epithelial,18.708741072073348,0.0
729,0.0,1.0,0.0,0.0,138,1875,epithelial,17.139064936819885,0.0
730,0.0,1.0,0.0,0.0,150,1872,epithelial,17.796410545572567,0.0
731,0.0,1.0,0.0,0.0,152,1857,epithelial,26.876920328684584,0.6365141682948128
732,0.0,1.0,0.0,0.0,136,1853,epithelial,26.903636248664096,0.5004024235381879
733,0.0,1.0,0.0,0.0,119,1856,epithelial,16.976418400395726,0.0
734,0.0,1.0,0.0,0.0,124,1851,epithelial,11.68266039110127,0.0
735,0.0,1.0,0.0,0.0,166,1855,epithelial,27.677924012060952,0.5982695885852573
736,0.0,1.0,0.0,0.0,84,1849,epithelial,19.04114983256213,0.0
737,0.0,1.0,0.0,0.0,94,1858,epithelial,27.0021673271122,0.0
738,0.0,1.0,0.0,0.0,65,1859,epithelial,30.446673170061125,0.0
739,0.0,1.0,0.0,0.0,51,1840,epithelial,22.438401455462895,0.0
740,0.0,1.0,0.0,0.0,41,1851,epithelial,24.39787944898954,0.0
741,0.0,1.0,0.0,0.0,73,1891,epithelial,28.081323456981973,0.0
742,0.0,1.0,0.0,0.0,85,1909,epithelial,22.20680255027343,0.0
743,0.0,1.0,0.0,0.0,73,1909,epithelial,18.90604662204537,0.0
744,0.0,1.0,0.0,0.0,70,1926,epithelial,16.496871360860723,0.0
745,0.0,1.0,0.0,0.0,63,1924,epithelial,15.279047990315457,0.0
746,0.0,1.0,0.0,0.0,50,1930,epithelial,25.61156676241741,0.5982695885852573
747,0.0,1.0,0.0,0.0,51,1912,epithelial,18.6161183069726,0.0
748,0.0,1.0,0.0,0.0,50,1897,epithelial,25.766444166693173,0.0
749,0.0,1.0,0.0,0.0,36,1897,epithelial,22.42871023316815,0.0
750,0.0,1.0,0.0,0.0,33,1915,epithelial,25.327512264814647,0.5982695885852573
751,0.0,1.0,0.0,0.0,5,1911,epithelial,29.356145784183962,0.6730116670092565
752,0.0,1.0,0.0,0.0,4,1893,epithelial,48.828798234159684,0.34883209584303193
753,0.0,1.0,0.0,0.0,29,1869,epithelial,30.80137757448094,0.0
754,0.0,1.0,0.0,0.0,16,1845,epithelial,30.557050832319554,0.0
755,0.0,1.0,0.0,0.0,12,1826,epithelial,34.45604749877358,0.0
756,0.0,1.0,0.0,0.0,31,1818,epithelial,26.09645234273014,0.0
757,0.0,1.0,0.0,0.0,51,1802,epithelial,32.781580508421186,0.6615632381579821
758,0.0,1.0,0.0,0.0,62,1805,epithelial,26.152825562354916,0.6365141682948128
759,0.0,1.0,0.0,0.0,34,1802,epithelial,24.57230903318273,0.5004024235381879
760,0.0,1.0,0.0,0.0,19,1794,epithelial,26.800406203504593,0.45056120886630463
761,0.0,1.0,0.0,0.0,4,1795,epithelial,96.91552238958256,0.6615632381579821
762,0.0,1.0,0.0,0.0,126,1669,epithelial,22.494165547202,0.6365141682948128
763,0.0,1.0,0.0,0.0,140,1683,epithelial,27.532556392567834,0.6837389058487535
764,0.0,1.0,0.0,0.0,129,1656,epithelial,18.83649418124275,0.45056120886630463
765,0.0,1.0,0.0,0.0,140,1652,epithelial,18.820827155645976,0.0
766,0.0,1.0,0.0,0.0,128,1642,epithelial,17.28988091668552,0.0
767,0.0,1.0,0.0,0.0,116,1634,epithelial,25.468067624679893,0.410116318288409
768,0.0,1.0,0.0,0.0,98,1621,epithelial,21.175220159190257,0.0
769,0.0,1.0,0.0,0.0,84,1629,epithelial,24.140596717169718,0.5982695885852573
770,0.0,1.0,0.0,0.0,74,1628,epithelial,17.2767327394975,0.45056120886630463
771,0.0,1.0,0.0,0.0,69,1615,epithelial,17.056353328271662,0.0
772,0.0,1.0,0.0,0.0,52,1617,epithelial,20.59588953367803,0.410116318288409
773,0.0,1.0,0.0,0.0,38,1612,epithelial,27.27140474289423,0.8675632284814612
774,0.0,1.0,0.0,0.0,27,1605,epithelial,29.31453600882121,0.45056120886630463
775,0.0,1.0,0.0,0.0,31,1593,epithelial,20.922705735776418,0.0
776,0.0,1.0,0.0,0.0,46,1600,epithelial,20.263009153735876,0.0
777,0.0,1.0,0.0,0.0,34,1577,epithelial,27.568192457602894,0.0
778,0.0,1.0,0.0,0.0,61,1600,epithelial,18.541371912197768,0.0
779,0.0,1.0,0.0,0.0,71,1591,epithelial,21.393799332688996,0.0
780,0.0,1.0,0.0,0.0,84,1579,epithelial,26.04333936409471,0.0
781,0.0,1.0,0.0,0.0,62,1572,epithelial,31.065983703312604,0.0
782,0.0,1.0,0.0,0.0,41,1543,epithelial,42.92006916145772,0.0
783,0.0,1.0,0.0,0.0,23,1520,epithelial,51.132236358329926,0.0
784,0.0,1.0,0.0,0.0,19,1554,epithelial,25.423577329979675,0.0
785,0.0,1.0,0.0,0.0,7,1528,epithelial,94.02048334670341,0.0
786,0.0,1.0,0.0,0.0,4,1546,epithelial,18.7573612108411,0.0
787,0.0,1.0,0.0,0.0,3,1567,epithelial,77.27872064797042,0.6837389058487535
788,0.0,1.0,0.0,0.0,97,1600,epithelial,25.38422604726031,0.0
789,0.0,1.0,0.0,0.0,106,1575,epithelial,31.367354108253984,0.0
790,0.0,1.0,0.0,0.0,98,1539,epithelial,46.50504290395333,0.0
791,0.0,1.0,0.0,0.0,114,1517,epithelial,42.90146960803474,0.0
792,0.0,1.0,0.0,0.0,132,1571,epithelial,41.28880507059887,0.0
793,0.0,1.0,0.0,0.0,145,1596,epithelial,22.904914484695958,0.0
794,0.0,1.0,0.0,0.0,151,1607,epithelial,25.043043532565473,0.0
795,0.0,1.0,0.0,0.0,126,1615,epithelial,30.748849655007984,0.0
796,0.0,1.0,0.0,0.0,150,1625,epithelial,21.525970459423927,0.0
797,0.0,1.0,0.0,0.0,169,1634,epithelial,25.005370059224603,0.0
798,0.0,1.0,0.0,0.0,176,1618,epithelial,23.561236328299334,0.0
799,0.0,1.0,0.0,0.0,212,1621,epithelial,37.7429770491019,0.37677016125643675
800,0.0,1.0,0.0,0.0,197,1642,epithelial,28.11443295263123,0.410116318288409
801,0.0,1.0,0.0,0.0,157,1661,epithelial,23.46200086290934,0.0
802,0.0,1.0,0.0,0.0,180,1658,epithelial,24.264792563298133,0.410116318288409
803,0.0,1.0,0.0,0.0,173,1675,epithelial,17.961956382826383,0.0
804,0.0,1.0,0.0,0.0,171,1706,epithelial,31.91682472763312,0.7356219397587946
805,0.0,1.0,0.0,0.0,179,1694,epithelial,17.589079945039522,0.0
806,0.0,1.0,0.0,0.0,184,1708,epithelial,17.0894878805453,0.0
807,0.0,1.0,0.0,0.0,192,1714,epithelial,32.2242109223129,0.5982695885852573
808,0.0,1.0,0.0,0.0,204,1718,epithelial,23.40469303982994,0.410116318288409
809,0.0,1.0,0.0,0.0,216,1726,epithelial,12.90355408667695,0.0
810,0.0,1.0,0.0,0.0,226,1727,epithelial,14.152429696154172,0.0
811,0.0,1.0,0.0,0.0,241,1717,epithelial,26.631497601606444,0.0
812,0.0,1.0,0.0,0.0,224,1696,epithelial,22.609196085175373,0.0
813,0.0,1.0,0.0,0.0,207,1704,epithelial,17.288842179957285,0.0
814,0.0,1.0,0.0,0.0,200,1690,epithelial,24.123113117784154,0.37677016125643675
815,0.0,1.0,0.0,0.0,224,1671,epithelial,23.577986676196225,0.45056120886630463
816,0.0,1.0,0.0,0.0,236,1650,epithelial,27.66201915510698,0.410116318288409
817,0.0,1.0,0.0,0.0,243,1683,epithelial,26.663567789428168,0.0
818,0.0,1.0,0.0,0.0,258,1727,epithelial,21.862035264827654,0.0
819,0.0,1.0,0.0,0.0,250,1736,epithelial,18.042524332512656,0.0
820,0.0,1.0,0.0,0.0,238,1760,epithelial,26.69636190514464,0.5982695885852573
821,0.0,1.0,0.0,0.0,250,1755,epithelial,16.953863732763576,0.0
822,0.0,1.0,0.0,0.0,244,1772,epithelial,19.911541773032315,0.410116318288409
823,0.0,1.0,0.0,0.0,251,1791,epithelial,50.30267424532389,1.0042424730540764
824,0.0,1.0,0.0,0.0,262,1777,epithelial,21.295642330655888,0.45056120886630463
825,0.0,1.0,0.0,0.0,258,1762,epithelial,14.624758820662663,0.0
826,0.0,1.0,0.0,0.0,282,1762,epithelial,19.071620347773933,0.45056120886630463
827,0.0,1.0,0.0,0.0,292,1757,epithelial,20.066597851629997,0.45056120886630463
828,0.0,1.0,0.0,0.0,279,1734,epithelial,22.911739386593393,0.0
829,0.0,1.0,0.0,0.0,299,1730,epithelial,21.594878946720474,0.37677016125643675
830,0.0,1.0,0.0,0.0,292,1714,epithelial,19.78921202266287,0.7963116401738131
831,0.0,1.0,0.0,0.0,275,1715,epithelial,18.34476043703898,0.0
832,0.0,1.0,0.0,0.0,305,1747,epithelial,21.69036401964867,0.6365141682948128
833,0.0,1.0,0.0,0.0,316,1739,epithelial,22.95786478964331,0.8675632284814612
834,0.0,1.0,0.0,0.0,323,1724,epithelial,18.34739940240346,0.8675632284814612
835,0.0,1.0,0.0,0.0,325,1712,epithelial,16.087959663530548,0.8675632284814612
836,0.0,1.0,0.0,0.0,337,1717,inflammatory,24.3006586736863,0.9556998911125343
837,0.0,1.0,0.0,0.0,338,1703,epithelial,18.72837550890056,0.7963116401738131
838,0.0,1.0,0.0,0.0,316,1693,epithelial,18.3160806307747,0.7963116401738131
839,0.0,1.0,0.0,0.0,315,1683,epithelial,20.50596826690613,0.410116318288409
840,0.0,1.0,0.0,0.0,326,1683,epithelial,15.514407092487575,0.0
841,0.0,1.0,0.0,0.0,338,1683,epithelial,21.082518231012603,0.6365141682948128
842,0.0,1.0,0.0,0.0,318,1668,epithelial,14.993510246705792,0.0
843,0.0,1.0,0.0,0.0,330,1660,epithelial,16.661973759871735,0.45056120886630463
844,0.0,1.0,0.0,0.0,336,1671,epithelial,16.724840852345885,0.45056120886630463
845,0.0,1.0,0.0,0.0,312,1660,epithelial,21.49545130509842,0.0
846,0.0,1.0,0.0,0.0,311,1641,epithelial,22.02123855332255,0.0
847,0.0,1.0,0.0,0.0,214,1659,inflammatory,28.851974375285995,0.37677016125643675
848,0.0,1.0,0.0,0.0,293,1694,inflammatory,22.586173241707456,0.7963116401738131
849,0.0,1.0,0.0,0.0,278,1671,epithelial,26.562985333809376,0.34883209584303193
850,0.0,1.0,0.0,0.0,273,1656,epithelial,22.019978722810233,0.0
851,0.0,1.0,0.0,0.0,291,1654,epithelial,21.874369466818273,0.0
852,0.0,1.0,0.0,0.0,281,1632,epithelial,27.427880135907014,0.0
853,0.0,1.0,0.0,0.0,294,1622,epithelial,21.037560811821457,0.0
854,0.0,1.0,0.0,0.0,308,1619,epithelial,18.110561158752095,0.0
855,0.0,1.0,0.0,0.0,300,1604,epithelial,20.05095772520712,0.0
856,0.0,1.0,0.0,0.0,287,1587,epithelial,19.045277190066574,0.0
857,0.0,1.0,0.0,0.0,309,1586,epithelial,37.37610525350777,0.6365141682948128
858,0.0,1.0,0.0,0.0,314,1603,epithelial,26.006001712159012,0.45056120886630463
859,0.0,1.0,0.0,0.0,324,1618,epithelial,30.611841346042116,0.6365141682948128
860,0.0,1.0,0.0,0.0,327,1643,epithelial,17.61942575815311,0.45056120886630463
861,0.0,1.0,0.0,0.0,288,1569,epithelial,32.18207877171695,0.45056120886630463
862,0.0,1.0,0.0,0.0,275,1540,epithelial,47.45704277351862,0.8486855577264172
863,0.0,1.0,0.0,0.0,256,1537,epithelial,16.639297591440872,0.0
864,0.0,1.0,0.0,0.0,248,1533,epithelial,19.983362585115742,0.0
865,0.0,1.0,0.0,0.0,240,1523,epithelial,24.94377920748749,0.410116318288409
866,0.0,1.0,0.0,0.0,223,1540,epithelial,22.649348727486647,0.0
867,0.0,1.0,0.0,0.0,222,1519,epithelial,21.454935515180953,0.410116318288409
868,0.0,1.0,0.0,0.0,208,1524,epithelial,18.25795730413455,0.0
869,0.0,1.0,0.0,0.0,191,1528,epithelial,32.527929094616844,0.0
870,0.0,1.0,0.0,0.0,208,1543,epithelial,27.846934997616337,0.0
871,0.0,1.0,0.0,0.0,221,1563,epithelial,41.5062488868551,0.0
872,0.0,1.0,0.0,0.0,239,1562,epithelial,25.794459131330047,0.0
873,0.0,1.0,0.0,0.0,254,1554,epithelial,20.078530947745033,0.0
874,0.0,1.0,0.0,0.0,255,1573,epithelial,24.199321174235926,0.0
875,0.0,1.0,0.0,0.0,276,1598,epithelial,30.44741415907024,0.0
876,0.0,1.0,0.0,0.0,247,1604,epithelial,36.47708884910055,0.0
877,0.0,1.0,0.0,0.0,248,1631,epithelial,32.73974014655459,0.0
878,0.0,1.0,0.0,0.0,187,1609,epithelial,34.788926444813804,0.0
879,0.0,1.0,0.0,0.0,162,1579,epithelial,44.555699951848105,0.0
880,0.0,1.0,0.0,0.0,163,1525,epithelial,48.16869645077895,0.0
881,0.0,1.0,0.0,0.0,132,1499,epithelial,35.031166087088664,0.0
882,0.0,1.0,0.0,0.0,96,1478,epithelial,33.385611347991045,0.0
883,0.0,1.0,0.0,0.0,77,1476,epithelial,54.652641069190835,0.0
884,0.0,1.0,0.0,0.0,95,1443,epithelial,37.4946402958751,0.0
885,0.0,1.0,0.0,0.0,121,1465,epithelial,31.59924580138215,0.0
886,0.0,1.0,0.0,0.0,123,1445,epithelial,24.7679129527915,0.0
887,0.0,1.0,0.0,0.0,133,1431,epithelial,19.81883222697745,0.0
888,0.0,1.0,0.0,0.0,129,1419,epithelial,26.920233283826686,0.0
889,0.0,1.0,0.0,0.0,105,1402,epithelial,47.06048982695071,0.0
890,0.0,1.0,0.0,0.0,57,1421,epithelial,70.12445091326883,0.0
891,0.0,1.0,0.0,0.0,35,1383,epithelial,74.97918578221788,0.0
892,0.0,1.0,0.0,0.0,44,1361,epithelial,55.46017296667678,0.0
893,0.0,1.0,0.0,0.0,34,1296,epithelial,138.22335037800923,0.0
894,0.0,1.0,0.0,0.0,69,1314,epithelial,44.97869611704426,0.0
895,0.0,1.0,0.0,0.0,134,1352,epithelial,31.201089416804,0.0
896,0.0,1.0,0.0,0.0,128,1373,epithelial,24.88164805649265,0.0
897,0.0,1.0,0.0,0.0,131,1394,epithelial,22.157190702864444,0.0
898,0.0,1.0,0.0,0.0,146,1392,epithelial,22.124223209057725,0.0
899,0.0,1.0,0.0,0.0,144,1371,epithelial,21.333069414701207,0.0
900,0.0,1.0,0.0,0.0,160,1377,epithelial,20.630675758255684,0.0
901,0.0,1.0,0.0,0.0,156,1396,epithelial,20.950854790543065,0.0
902,0.0,1.0,0.0,0.0,150,1421,epithelial,26.57331998712886,0.0
903,0.0,1.0,0.0,0.0,154,1452,epithelial,30.662895618720807,0.0
904,0.0,1.0,0.0,0.0,180,1471,epithelial,29.194108277606535,0.0
905,0.0,1.0,0.0,0.0,181,1450,epithelial,22.551942197117977,0.0
906,0.0,1.0,0.0,0.0,174,1426,epithelial,23.369804888503882,0.0
907,0.0,1.0,0.0,0.0,200,1438,epithelial,17.606851498851665,0.0
908,0.0,1.0,0.0,0.0,192,1455,epithelial,16.252316729045805,0.0
909,0.0,1.0,0.0,0.0,207,1451,epithelial,17.736879774402762,0.0
910,0.0,1.0,0.0,0.0,226,1451,epithelial,22.05004406598917,0.45056120886630463
911,0.0,1.0,0.0,0.0,226,1465,epithelial,34.11080374567875,0.9002560512685369
912,0.0,1.0,0.0,0.0,200,1488,epithelial,28.416986285584443,0.0
913,0.0,1.0,0.0,0.0,219,1495,epithelial,18.727781883496643,0.45056120886630463
914,0.0,1.0,0.0,0.0,231,1490,inflammatory,39.72672058824309,0.7356219397587946
915,0.0,1.0,0.0,0.0,155,1477,epithelial,33.45503723869265,0.0
916,0.0,1.0,0.0,0.0,207,1506,epithelial,20.134431829599542,0.0
917,0.0,1.0,0.0,0.0,188,1389,epithelial,17.466825679930434,0.0
918,0.0,1.0,0.0,0.0,176,1387,epithelial,19.034622114783282,0.0
919,0.0,1.0,0.0,0.0,181,1365,epithelial,19.709355140584766,0.0
920,0.0,1.0,0.0,0.0,189,1355,epithelial,19.697191460383156,0.0
921,0.0,1.0,0.0,0.0,189,1338,epithelial,21.58643993783523,0.0
922,0.0,1.0,0.0,0.0,207,1342,epithelial,38.747359953704574,0.6615632381579821
923,0.0,1.0,0.0,0.0,213,1363,epithelial,28.898825490481045,0.410116318288409
924,0.0,1.0,0.0,0.0,229,1375,epithelial,25.43034983539665,0.45056120886630463
925,0.0,1.0,0.0,0.0,240,1381,epithelial,42.16077109038566,0.6829081047004717
926,0.0,1.0,0.0,0.0,227,1389,epithelial,21.897096878418846,0.410116318288409
927,0.0,1.0,0.0,0.0,217,1402,epithelial,17.713065607944152,0.0
928,0.0,1.0,0.0,0.0,201,1389,epithelial,13.035930285691439,0.0
929,0.0,1.0,0.0,0.0,198,1376,epithelial,18.363491417617748,0.0
930,0.0,1.0,0.0,0.0,203,1402,epithelial,18.01873999466658,0.0
931,0.0,1.0,0.0,0.0,202,1421,epithelial,19.56104321613744,0.0
932,0.0,1.0,0.0,0.0,221,1418,epithelial,22.012299014924793,0.410116318288409
933,0.0,1.0,0.0,0.0,223,1435,epithelial,19.05548038651302,0.5004024235381879
934,0.0,1.0,0.0,0.0,171,1327,epithelial,19.128277853382,0.0
935,0.0,1.0,0.0,0.0,177,1315,epithelial,27.185381878203557,0.410116318288409
936,0.0,1.0,0.0,0.0,163,1310,epithelial,20.54040223190506,0.0
937,0.0,1.0,0.0,0.0,158,1324,epithelial,22.898362293255197,0.0
938,0.0,1.0,0.0,0.0,144,1319,epithelial,24.80795242952282,0.0
939,0.0,1.0,0.0,0.0,134,1288,epithelial,29.907635588903513,0.0
940,0.0,1.0,0.0,0.0,105,1288,epithelial,38.43917262949465,0.0
941,0.0,1.0,0.0,0.0,124,1270,epithelial,24.521756121944,0.0
942,0.0,1.0,0.0,0.0,125,1243,epithelial,24.638962954516163,0.0
943,0.0,1.0,0.0,0.0,122,1216,epithelial,44.940448193823904,0.0
944,0.0,1.0,0.0,0.0,137,1194,epithelial,46.00284413652291,0.0
945,0.0,1.0,0.0,0.0,108,1247,epithelial,56.99958073945198,0.0
946,0.0,1.0,0.0,0.0,154,1237,epithelial,26.118266675668373,0.0
947,0.0,1.0,0.0,0.0,169,1244,epithelial,17.354521086663695,0.0
948,0.0,1.0,0.0,0.0,179,1229,epithelial,20.05222098174126,0.0
949,0.0,1.0,0.0,0.0,184,1248,epithelial,18.49856716271975,0.0
950,0.0,1.0,0.0,0.0,194,1235,epithelial,17.287490184756162,0.0
951,0.0,1.0,0.0,0.0,162,1262,epithelial,22.396136974500525,0.0
952,0.0,1.0,0.0,0.0,161,1217,epithelial,28.52987120605357,0.0
953,0.0,1.0,0.0,0.0,168,1195,epithelial,33.41329795288248,0.0
954,0.0,1.0,0.0,0.0,158,1149,epithelial,46.02929776899165,0.0
955,0.0,1.0,0.0,0.0,191,1172,epithelial,34.68502959786093,0.0
956,0.0,1.0,0.0,0.0,207,1152,epithelial,37.462384514458044,0.0
957,0.0,1.0,0.0,0.0,234,1144,epithelial,48.15697644036376,0.0
958,0.0,1.0,0.0,0.0,236,1174,epithelial,41.902816928321506,0.0
959,0.0,1.0,0.0,0.0,224,1185,epithelial,28.89051844718159,0.0
960,0.0,1.0,0.0,0.0,200,1197,epithelial,24.999610201145764,0.0
961,0.0,1.0,0.0,0.0,194,1218,epithelial,25.005409872111183,0.0
962,0.0,1.0,0.0,0.0,213,1209,epithelial,26.690576489781673,0.0
963,0.0,1.0,0.0,0.0,221,1241,epithelial,24.782033780546033,0.410116318288409
964,0.0,1.0,0.0,0.0,210,1242,epithelial,22.954359686392365,0.410116318288409
965,0.0,1.0,0.0,0.0,240,1235,epithelial,19.33700783545486,0.0
966,0.0,1.0,0.0,0.0,235,1220,epithelial,20.541396940546228,0.0
967,0.0,1.0,0.0,0.0,244,1209,epithelial,29.336472494895666,0.0
968,0.0,1.0,0.0,0.0,269,1218,epithelial,24.72439794118185,0.0
969,0.0,1.0,0.0,0.0,256,1229,epithelial,21.32030473438639,0.0
970,0.0,1.0,0.0,0.0,268,1247,epithelial,22.56022779747326,0.0
971,0.0,1.0,0.0,0.0,286,1241,epithelial,20.495346278167585,0.0
972,0.0,1.0,0.0,0.0,287,1206,epithelial,40.36077764435341,0.0
973,0.0,1.0,0.0,0.0,316,1213,epithelial,26.715468084447195,0.0
974,0.0,1.0,0.0,0.0,316,1261,epithelial,24.487090085771666,0.0
975,0.0,1.0,0.0,0.0,296,1255,epithelial,22.02951361657277,0.0
976,0.0,1.0,0.0,0.0,286,1259,epithelial,15.967080860223712,0.0
977,0.0,1.0,0.0,0.0,284,1272,epithelial,23.45405506672832,0.410116318288409
978,0.0,1.0,0.0,0.0,297,1271,epithelial,15.084336153802585,0.0
979,0.0,1.0,0.0,0.0,302,1278,epithelial,25.535679391176473,0.5623351446188083
980,0.0,1.0,0.0,0.0,315,1288,epithelial,28.709572905749503,0.6365141682948128
981,0.0,1.0,0.0,0.0,324,1275,epithelial,22.817898193135033,0.0
982,0.0,1.0,0.0,0.0,325,1235,epithelial,30.3658105324587,0.0
983,0.0,1.0,0.0,0.0,294,1223,epithelial,25.507943465091273,0.0
984,0.0,1.0,0.0,0.0,333,1201,epithelial,39.08433030594748,0.0
985,0.0,1.0,0.0,0.0,351,1244,epithelial,34.380831203156895,0.0
986,0.0,1.0,0.0,0.0,368,1229,epithelial,32.19598448328679,0.0
987,0.0,1.0,0.0,0.0,381,1197,epithelial,37.852268678389876,0.0
988,0.0,1.0,0.0,0.0,399,1236,epithelial,33.31309889615698,0.0
989,0.0,1.0,0.0,0.0,425,1224,epithelial,35.98272882662207,0.0
990,0.0,1.0,0.0,0.0,436,1245,epithelial,29.289715586811184,0.0
991,0.0,1.0,0.0,0.0,442,1264,epithelial,31.553084048275934,0.0
992,0.0,1.0,0.0,0.0,423,1169,epithelial,19.285002198506515,0.0
993,0.0,1.0,0.0,0.0,403,1176,epithelial,30.289518576780143,0.0
994,0.0,1.0,0.0,0.0,412,1157,epithelial,28.369762970053817,0.0
995,0.0,1.0,0.0,0.0,355,1141,epithelial,36.622424762645565,0.0
996,0.0,1.0,0.0,0.0,468,1196,epithelial,20.17107495359084,0.0
997,0.0,1.0,0.0,0.0,471,1220,epithelial,26.528713547435675,0.0
998,0.0,1.0,0.0,0.0,472,1233,epithelial,26.43075947912929,0.0
999,0.0,1.0,0.0,0.0,487,1191,epithelial,21.12660240343097,0.0
1000,0.0,1.0,0.0,0.0,477,1153,epithelial,25.436388288039463,0.0
1001,0.0,1.0,0.0,0.0,498,1156,epithelial,18.485961570612556,0.0
1002,0.0,1.0,0.0,0.0,515,1147,epithelial,31.54035892305498,0.6615632381579821
1003,0.0,1.0,0.0,0.0,517,1169,epithelial,18.78766970138249,0.45056120886630463
1004,0.0,1.0,0.0,0.0,506,1163,epithelial,17.792231063687318,0.0
1005,0.0,1.0,0.0,0.0,521,1192,epithelial,26.945995620516474,0.5982695885852573
1006,0.0,1.0,0.0,0.0,533,1174,fibroblast and endothelial,35.114120703038935,0.6931471805599453
1007,0.0,1.0,0.0,0.0,469,1112,epithelial,29.677653442411103,0.6365141682948128
1008,0.0,1.0,0.0,0.0,484,1119,epithelial,22.42866285580322,0.410116318288409
1009,0.0,1.0,0.0,0.0,472,1124,epithelial,14.777743514302632,0.0
1010,0.0,1.0,0.0,0.0,459,1128,epithelial,14.931292186987601,0.0
1011,0.0,1.0,0.0,0.0,432,1137,epithelial,22.437893502751656,0.0
1012,0.0,1.0,0.0,0.0,452,1141,epithelial,19.607523826744778,0.0
1013,0.0,1.0,0.0,0.0,464,1140,epithelial,16.110059754262437,0.0
1014,0.0,1.0,0.0,0.0,422,1124,epithelial,25.905999524559935,0.0
1015,0.0,1.0,0.0,0.0,393,1126,epithelial,30.031395036194564,0.0
1016,0.0,1.0,0.0,0.0,426,1104,epithelial,28.888873388179817,0.7963116401738131
1017,0.0,1.0,0.0,0.0,384,1100,epithelial,31.362049034572678,0.6837389058487535
1018,0.0,1.0,0.0,0.0,360,1104,epithelial,20.1374697903291,0.0
1019,0.0,1.0,0.0,0.0,367,1096,epithelial,30.15078254343377,0.6365141682948128
1020,0.0,1.0,0.0,0.0,351,1082,epithelial,30.825424122834814,0.5982695885852573
1021,0.0,1.0,0.0,0.0,337,1078,epithelial,31.375555512911838,0.5623351446188083
1022,0.0,1.0,0.0,0.0,307,1082,epithelial,22.697188204075886,0.0
1023,0.0,1.0,0.0,0.0,308,1069,epithelial,21.78204237039641,0.5004024235381879
1024,0.0,1.0,0.0,0.0,281,1084,epithelial,23.577328895082093,0.0
1025,0.0,1.0,0.0,0.0,318,1096,epithelial,27.442566597698313,0.0
1026,0.0,1.0,0.0,0.0,336,1115,epithelial,21.419364991276996,0.0
1027,0.0,1.0,0.0,0.0,332,1126,epithelial,24.302879484283935,0.0
1028,0.0,1.0,0.0,0.0,316,1133,epithelial,33.15320171270759,0.0
1029,0.0,1.0,0.0,0.0,299,1138,epithelial,52.990625884011465,0.0
1030,0.0,1.0,0.0,0.0,431,1184,epithelial,31.240799271730754,0.0
1031,0.0,1.0,0.0,0.0,443,1219,epithelial,28.475175151008226,0.0
1032,0.0,1.0,0.0,0.0,250,1096,epithelial,42.83469876479376,0.0
1033,0.0,1.0,0.0,0.0,211,1092,epithelial,38.26091239486558,0.0
1034,0.0,1.0,0.0,0.0,226,1070,epithelial,36.991363189154356,0.0
1035,0.0,1.0,0.0,0.0,164,1085,epithelial,48.44336485047597,0.0
1036,0.0,1.0,0.0,0.0,147,1101,epithelial,41.42860420654669,0.0
1037,0.0,1.0,0.0,0.0,106,1089,epithelial,47.10670352195277,0.0
1038,0.0,1.0,0.0,0.0,55,1079,epithelial,88.24406507006229,0.0
1039,0.0,1.0,0.0,0.0,41,1047,epithelial,114.44270492620367,0.0
1040,0.0,1.0,0.0,0.0,51,956,epithelial,46.705127810130186,0.0
1041,0.0,1.0,0.0,0.0,85,984,epithelial,40.797102755694496,0.0
1042,0.0,1.0,0.0,0.0,97,1008,epithelial,58.246146229692904,0.0
1043,0.0,1.0,0.0,0.0,117,993,epithelial,38.20053147861463,0.0
1044,0.0,1.0,0.0,0.0,150,1029,epithelial,57.516383891151435,0.0
1045,0.0,1.0,0.0,0.0,219,1038,epithelial,42.19183006324442,0.0
1046,0.0,1.0,0.0,0.0,215,1016,epithelial,32.18961820924382,0.0
1047,0.0,1.0,0.0,0.0,238,1003,epithelial,38.983700458909254,0.6365141682948128
1048,0.0,1.0,0.0,0.0,247,1054,epithelial,30.782301777542095,0.0
1049,0.0,1.0,0.0,0.0,268,1038,epithelial,26.78256193625535,0.410116318288409
1050,0.0,1.0,0.0,0.0,293,1051,epithelial,21.309427964242282,0.6365141682948128
1051,0.0,1.0,0.0,0.0,162,982,epithelial,31.34355948878678,0.0
1052,0.0,1.0,0.0,0.0,140,974,epithelial,33.433550569843,0.0
1053,0.0,1.0,0.0,0.0,144,943,epithelial,32.72717571870156,0.0
1054,0.0,1.0,0.0,0.0,139,930,epithelial,28.29182522877536,0.0
1055,0.0,1.0,0.0,0.0,144,885,fibroblast and endothelial,28.523621612514198,0.9743147528693494
1056,0.0,1.0,0.0,0.0,145,856,epithelial,23.10218388045727,0.410116318288409
1057,0.0,1.0,0.0,0.0,162,851,epithelial,21.345282880962774,0.6365141682948128
1058,0.0,1.0,0.0,0.0,181,857,fibroblast and endothelial,28.245542807926807,0.6829081047004717
1059,0.0,1.0,0.0,0.0,163,903,fibroblast and endothelial,36.447938590473385,0.5623351446188083
1060,0.0,1.0,0.0,0.0,75,843,epithelial,32.42637648178701,0.0
1061,0.0,1.0,0.0,0.0,51,863,epithelial,47.056520633803075,0.0
1062,0.0,1.0,0.0,0.0,86,904,epithelial,42.28836014319667,0.34883209584303193
1063,0.0,1.0,0.0,0.0,104,881,epithelial,22.701757892062137,0.45056120886630463
1064,0.0,1.0,0.0,0.0,126,876,epithelial,20.895647188845306,0.7963116401738131
1065,0.0,1.0,0.0,0.0,121,861,epithelial,19.130688994285702,0.0
1066,0.0,1.0,0.0,0.0,110,828,epithelial,25.93910815701305,0.0
1067,0.0,1.0,0.0,0.0,117,808,epithelial,32.31914128224382,0.0
1068,0.0,1.0,0.0,0.0,86,817,epithelial,31.830312013382482,0.0
1069,0.0,1.0,0.0,0.0,7,810,epithelial,70.6174108132112,0.0
1070,0.0,1.0,0.0,0.0,16,885,epithelial,72.8976068194198,0.0
1071,0.0,1.0,0.0,0.0,30,931,epithelial,52.618156839562175,0.0
1072,0.0,1.0,0.0,0.0,44,907,epithelial,36.52237243267486,0.0
1073,0.0,1.0,0.0,0.0,68,929,epithelial,33.819855976332654,0.0
1074,0.0,1.0,0.0,0.0,84,961,epithelial,49.680452885972244,0.0
1075,0.0,1.0,0.0,0.0,206,840,epithelial,22.322246334622164,0.45056120886630463
1076,0.0,1.0,0.0,0.0,219,845,epithelial,23.460879745289695,0.6365141682948128
1077,0.0,1.0,0.0,0.0,233,842,epithelial,24.238714691812607,0.45056120886630463
1078,0.0,1.0,0.0,0.0,259,856,epithelial,30.964551836178206,0.5623351446188083
1079,0.0,1.0,0.0,0.0,296,845,epithelial,37.11598379870996,0.6365141682948128
1080,0.0,1.0,0.0,0.0,316,851,epithelial,33.927303095052594,0.5297061990576545
1081,0.0,1.0,0.0,0.0,328,860,epithelial,13.768630958643937,0.0
1082,0.0,1.0,0.0,0.0,341,862,epithelial,17.374844710325316,0.0
1083,0.0,1.0,0.0,0.0,354,868,epithelial,15.239800861792173,0.0
1084,0.0,1.0,0.0,0.0,361,878,epithelial,14.257620639742447,0.0
1085,0.0,1.0,0.0,0.0,372,882,epithelial,76.91885615650541,0.6869615765973234
1086,0.0,1.0,0.0,0.0,377,872,epithelial,24.85571713324769,0.45056120886630463
1087,0.0,1.0,0.0,0.0,358,855,epithelial,43.767068724359696,0.6869615765973234
1088,0.0,1.0,0.0,0.0,345,877,epithelial,48.350598498311385,0.5623351446188083
1089,0.0,1.0,0.0,0.0,243,827,epithelial,31.41476184106845,0.410116318288409
1090,0.0,1.0,0.0,0.0,210,818,epithelial,24.85539576125399,0.0
1091,0.0,1.0,0.0,0.0,188,819,epithelial,24.62063515461299,0.0
1092,0.0,1.0,0.0,0.0,180,829,epithelial,18.008038981413108,0.0
1093,0.0,1.0,0.0,0.0,159,813,epithelial,33.45724071757972,0.0
1094,0.0,1.0,0.0,0.0,119,792,epithelial,37.129420914882814,0.0
1095,0.0,1.0,0.0,0.0,67,742,epithelial,48.43048505185832,0.0
1096,0.0,1.0,0.0,0.0,57,766,epithelial,47.39135114429416,0.0
1097,0.0,1.0,0.0,0.0,87,722,epithelial,46.962145244054874,0.0
1098,0.0,1.0,0.0,0.0,5,718,epithelial,108.49137615014438,0.0
1099,0.0,1.0,0.0,0.0,224,808,epithelial,24.494218143332574,0.5004024235381879
1100,0.0,1.0,0.0,0.0,206,802,epithelial,30.256990166936333,0.7963116401738131
1101,0.0,1.0,0.0,0.0,183,788,epithelial,30.440438056180486,0.410116318288409
1102,0.0,1.0,0.0,0.0,166,772,epithelial,31.662739631428888,0.7963116401738131
1103,0.0,1.0,0.0,0.0,139,741,epithelial,35.3679597348269,0.7963116401738131
1104,0.0,1.0,0.0,0.0,111,745,epithelial,37.227662870262726,0.0
1105,0.0,1.0,0.0,0.0,123,723,epithelial,29.42253669178594,0.410116318288409
1106,0.0,1.0,0.0,0.0,136,695,epithelial,23.255246640913658,0.6730116670092565
1107,0.0,1.0,0.0,0.0,156,644,epithelial,41.23408260410739,0.410116318288409
1108,0.0,1.0,0.0,0.0,115,614,epithelial,41.08177888691587,0.0
1109,0.0,1.0,0.0,0.0,71,600,epithelial,64.64622056577203,0.0
1110,0.0,1.0,0.0,0.0,8,564,epithelial,93.6273022367257,0.0
1111,0.0,1.0,0.0,0.0,102,576,epithelial,42.96579659252379,0.0
1112,0.0,1.0,0.0,0.0,147,557,epithelial,46.73105722121074,0.0
1113,0.0,1.0,0.0,0.0,154,589,epithelial,47.57462134889114,0.0
1114,0.0,1.0,0.0,0.0,147,617,epithelial,41.26962646240488,0.0
1115,0.0,1.0,0.0,0.0,205,592,epithelial,35.355147672078594,0.0
1116,0.0,1.0,0.0,0.0,230,595,epithelial,36.35716781819585,0.410116318288409
1117,0.0,1.0,0.0,0.0,260,590,epithelial,43.21066510943405,0.410116318288409
1118,0.0,1.0,0.0,0.0,292,576,epithelial,52.704882069544,0.0
1119,0.0,1.0,0.0,0.0,308,619,epithelial,44.0829341364566,0.0
1120,0.0,1.0,0.0,0.0,286,611,epithelial,38.36548740505129,0.410116318288409
1121,0.0,1.0,0.0,0.0,210,613,epithelial,47.2607469212353,0.0
1122,0.0,1.0,0.0,0.0,222,639,epithelial,35.45382333013489,0.45056120886630463
1123,0.0,1.0,0.0,0.0,210,663,epithelial,31.620898511534456,0.37677016125643675
1124,0.0,1.0,0.0,0.0,244,658,epithelial,41.49987427297381,0.5297061990576545
1125,0.0,1.0,0.0,0.0,218,684,epithelial,25.45875494968946,0.9743147528693494
1126,0.0,1.0,0.0,0.0,167,680,epithelial,28.83587900751886,0.9556998911125343
1127,0.0,1.0,0.0,0.0,236,690,epithelial,21.671318713517923,0.8675632284814612
1128,0.0,1.0,0.0,0.0,254,682,epithelial,19.817074307836116,0.45056120886630463
1129,0.0,1.0,0.0,0.0,273,685,epithelial,29.210527259470837,0.0
1130,0.0,1.0,0.0,0.0,299,687,epithelial,25.235456237838406,0.0
1131,0.0,1.0,0.0,0.0,322,693,epithelial,27.494393769924184,0.0
1132,0.0,1.0,0.0,0.0,308,702,epithelial,18.154649142225843,0.0
1133,0.0,1.0,0.0,0.0,320,713,epithelial,30.89894078095959,0.7963116401738131
1134,0.0,1.0,0.0,0.0,334,707,epithelial,26.78794780153832,0.410116318288409
1135,0.0,1.0,0.0,0.0,297,773,lymphocyte,51.445996891511115,1.2148896539491205
1136,0.0,1.0,0.0,0.0,359,711,epithelial,34.02876927490285,0.0
1137,0.0,1.0,0.0,0.0,358,694,epithelial,33.15977182459189,0.0
1138,0.0,1.0,0.0,0.0,349,672,epithelial,30.43929537357671,0.410116318288409
1139,0.0,1.0,0.0,0.0,317,650,epithelial,44.785962989215435,0.0
1140,0.0,1.0,0.0,0.0,338,640,epithelial,35.59932425668989,0.45056120886630463
1141,0.0,1.0,0.0,0.0,459,706,epithelial,41.21870356710705,0.0
1142,0.0,1.0,0.0,0.0,471,740,epithelial,33.80196989201289,0.0
1143,0.0,1.0,0.0,0.0,491,754,epithelial,26.538133316872052,0.0
1144,0.0,1.0,0.0,0.0,480,774,epithelial,18.441455919181305,0.0
1145,0.0,1.0,0.0,0.0,473,785,epithelial,15.371779351888975,0.0
1146,0.0,1.0,0.0,0.0,487,783,epithelial,20.384490526647266,0.0
1147,0.0,1.0,0.0,0.0,434,769,epithelial,21.80048012829106,0.6615632381579821
1148,0.0,1.0,0.0,0.0,496,798,epithelial,19.01601895039274,0.0
1149,0.0,1.0,0.0,0.0,533,783,epithelial,24.77506285271511,0.0
1150,0.0,1.0,0.0,0.0,532,795,epithelial,22.6631664084161,0.0
1151,0.0,1.0,0.0,0.0,522,811,epithelial,17.235890378694645,0.0
1152,0.0,1.0,0.0,0.0,537,814,epithelial,24.78845820636376,0.0
1153,0.0,1.0,0.0,0.0,560,759,epithelial,35.7551568838714,0.0
1154,0.0,1.0,0.0,0.0,532,764,epithelial,30.311465017219984,0.0
1155,0.0,1.0,0.0,0.0,588,777,epithelial,27.361910216979073,0.0
1156,0.0,1.0,0.0,0.0,601,753,epithelial,40.572763391033995,0.0
1157,0.0,1.0,0.0,0.0,625,769,epithelial,37.61469544474128,0.0
1158,0.0,1.0,0.0,0.0,652,801,epithelial,24.330257126938644,0.0
1159,0.0,1.0,0.0,0.0,657,775,epithelial,40.48541334972452,0.0
1160,0.0,1.0,0.0,0.0,672,794,epithelial,29.270773524048685,0.0
1161,0.0,1.0,0.0,0.0,674,819,epithelial,29.422010890162277,0.0
1162,0.0,1.0,0.0,0.0,703,811,epithelial,36.3221955123094,0.0
1163,0.0,1.0,0.0,0.0,711,783,epithelial,44.60096385843929,0.0
1164,0.0,1.0,0.0,0.0,685,738,epithelial,41.7327430810647,0.0
1165,0.0,1.0,0.0,0.0,670,714,epithelial,58.737381161291026,0.0
1166,0.0,1.0,0.0,0.0,695,688,epithelial,41.642443333367346,0.0
1167,0.0,1.0,0.0,0.0,745,795,epithelial,44.9089963106472,0.0
1168,0.0,1.0,0.0,0.0,753,748,epithelial,51.91905850380878,0.0
1169,0.0,1.0,0.0,0.0,710,838,epithelial,31.98336645727814,0.0
1170,0.0,1.0,0.0,0.0,726,876,epithelial,30.707379080469156,0.0
1171,0.0,1.0,0.0,0.0,752,872,epithelial,29.04955702226971,0.0
1172,0.0,1.0,0.0,0.0,738,897,epithelial,25.38570188468655,0.0
1173,0.0,1.0,0.0,0.0,756,895,epithelial,22.465278203348287,0.0
1174,0.0,1.0,0.0,0.0,744,918,epithelial,23.646899948898547,0.0
1175,0.0,1.0,0.0,0.0,687,939,epithelial,18.624161228165665,0.0
1176,0.0,1.0,0.0,0.0,665,949,epithelial,24.327831607739924,0.410116318288409
1177,0.0,1.0,0.0,0.0,671,964,epithelial,52.715879175361714,0.6829081047004717
1178,0.0,1.0,0.0,0.0,649,933,epithelial,24.987460576360508,0.45056120886630463
1179,0.0,1.0,0.0,0.0,645,911,epithelial,36.63864568797483,0.5297061990576545
1180,0.0,1.0,0.0,0.0,703,934,epithelial,18.216961007122777,0.0
1181,0.0,1.0,0.0,0.0,671,929,epithelial,18.573154647742882,0.0
1182,0.0,1.0,0.0,0.0,697,919,epithelial,15.860270505231364,0.0
1183,0.0,1.0,0.0,0.0,718,928,epithelial,18.19316318047087,0.0
1184,0.0,1.0,0.0,0.0,727,935,epithelial,16.250796212355365,0.0
1185,0.0,1.0,0.0,0.0,735,939,epithelial,20.994022730760175,0.0
1186,0.0,1.0,0.0,0.0,714,951,epithelial,20.40816553980671,0.0
1187,0.0,1.0,0.0,0.0,752,924,epithelial,21.55398348636804,0.0
1188,0.0,1.0,0.0,0.0,774,911,epithelial,21.506314305365162,0.0
1189,0.0,1.0,0.0,0.0,779,868,epithelial,32.59044673837057,0.0
1190,0.0,1.0,0.0,0.0,774,850,epithelial,37.58044775711685,0.0
1191,0.0,1.0,0.0,0.0,705,865,epithelial,22.49814825358562,0.0
1192,0.0,1.0,0.0,0.0,697,848,epithelial,25.757960015720595,0.0
1193,0.0,1.0,0.0,0.0,800,809,epithelial,51.173133401596864,0.0
1194,0.0,1.0,0.0,0.0,813,821,epithelial,37.40719824506738,0.0
1195,0.0,1.0,0.0,0.0,822,849,epithelial,37.71227086498697,0.0
1196,0.0,1.0,0.0,0.0,844,860,epithelial,27.13956459926564,0.0
1197,0.0,1.0,0.0,0.0,860,833,epithelial,27.558634298957312,0.0
1198,0.0,1.0,0.0,0.0,859,817,epithelial,24.557347271810027,0.0
1199,0.0,1.0,0.0,0.0,872,815,epithelial,21.321584890384212,0.0
1200,0.0,1.0,0.0,0.0,872,834,epithelial,16.275629612686725,0.0
1201,0.0,1.0,0.0,0.0,866,848,epithelial,18.531821597497938,0.0
1202,0.0,1.0,0.0,0.0,877,867,epithelial,14.412111935963818,0.5004024235381879
1203,0.0,1.0,0.0,0.0,876,881,epithelial,35.30905930144293,0.9002560512685369
1204,0.0,1.0,0.0,0.0,866,893,epithelial,29.6570379971867,0.5004024235381879
1205,0.0,1.0,0.0,0.0,832,916,epithelial,24.670438648290595,0.410116318288409
1206,0.0,1.0,0.0,0.0,800,943,epithelial,20.808649494769142,0.5004024235381879
1207,0.0,1.0,0.0,0.0,789,950,epithelial,21.226074289290697,0.45056120886630463
1208,0.0,1.0,0.0,0.0,766,965,epithelial,26.134084911284383,0.6365141682948128
1209,0.0,1.0,0.0,0.0,763,956,epithelial,14.862489587953334,0.0
1210,0.0,1.0,0.0,0.0,776,928,epithelial,20.633680810937943,0.0
1211,0.0,1.0,0.0,0.0,754,970,epithelial,23.385538180555546,0.45056120886630463
1212,0.0,1.0,0.0,0.0,893,866,inflammatory,29.060448319112474,0.6365141682948128
1213,0.0,1.0,0.0,0.0,835,795,epithelial,36.02991070733965,0.0
1214,0.0,1.0,0.0,0.0,856,764,epithelial,34.004480949428526,0.0
1215,0.0,1.0,0.0,0.0,885,759,epithelial,23.56193486121591,0.0
1216,0.0,1.0,0.0,0.0,886,775,epithelial,20.390712145462306,0.0
1217,0.0,1.0,0.0,0.0,883,789,epithelial,23.760307319604987,0.0
1218,0.0,1.0,0.0,0.0,909,755,epithelial,17.695396126014746,0.0
1219,0.0,1.0,0.0,0.0,904,773,epithelial,21.28983419749225,0.0
1220,0.0,1.0,0.0,0.0,913,795,epithelial,24.646134644084377,0.45056120886630463
1221,0.0,1.0,0.0,0.0,895,742,epithelial,20.134073403574916,0.0
1222,0.0,1.0,0.0,0.0,908,743,epithelial,16.55674992236149,0.0
1223,0.0,1.0,0.0,0.0,923,723,lymphocyte,16.9456972374668,0.9502705392332347
1224,0.0,1.0,0.0,0.0,923,714,epithelial,17.039213720350517,0.8675632284814612
1225,0.0,1.0,0.0,0.0,904,703,epithelial,18.34188848425647,0.0
1226,0.0,1.0,0.0,0.0,907,724,epithelial,20.460638339854007,0.37677016125643675
1227,0.0,1.0,0.0,0.0,871,702,epithelial,32.51181278458682,0.0
1228,0.0,1.0,0.0,0.0,859,674,epithelial,27.84588637211942,0.0
1229,0.0,1.0,0.0,0.0,864,653,epithelial,21.317865924925407,0.410116318288409
1230,0.0,1.0,0.0,0.0,880,664,epithelial,24.05111980888032,0.37677016125643675
1231,0.0,1.0,0.0,0.0,892,655,epithelial,15.793417298435765,0.5004024235381879
1232,0.0,1.0,0.0,0.0,897,638,epithelial,22.571135527545373,0.936888307539016
1233,0.0,1.0,0.0,0.0,882,646,inflammatory,16.453658854931184,0.410116318288409
1234,0.0,1.0,0.0,0.0,842,659,epithelial,25.370574881749043,0.0
1235,0.0,1.0,0.0,0.0,817,643,epithelial,34.21902231910259,0.0
1236,0.0,1.0,0.0,0.0,787,629,epithelial,37.24734990930325,0.0
1237,0.0,1.0,0.0,0.0,789,596,epithelial,24.778046068461876,0.0
1238,0.0,1.0,0.0,0.0,780,584,epithelial,25.85210750810833,0.0
1239,0.0,1.0,0.0,0.0,756,599,epithelial,27.163910801611156,0.0
1240,0.0,1.0,0.0,0.0,740,575,epithelial,28.304440754917973,0.0
1241,0.0,1.0,0.0,0.0,767,576,epithelial,23.552364273027713,0.0
1242,0.0,1.0,0.0,0.0,750,559,epithelial,22.52275286889943,0.0
1243,0.0,1.0,0.0,0.0,735,547,epithelial,24.411643365413706,0.0
1244,0.0,1.0,0.0,0.0,710,544,epithelial,34.56501410409647,0.0
1245,0.0,1.0,0.0,0.0,723,529,epithelial,32.582350168533885,0.0
1246,0.0,1.0,0.0,0.0,745,522,epithelial,26.665314441978012,0.0
1247,0.0,1.0,0.0,0.0,779,553,epithelial,25.681061819672323,0.410116318288409
1248,0.0,1.0,0.0,0.0,800,565,epithelial,27.153395274861506,0.6829081047004717
1249,0.0,1.0,0.0,0.0,828,694,epithelial,39.82627299939359,0.0
1250,0.0,1.0,0.0,0.0,798,722,epithelial,38.77637571511191,0.0
1251,0.0,1.0,0.0,0.0,836,719,epithelial,31.24275222102331,0.0
1252,0.0,1.0,0.0,0.0,815,748,epithelial,44.814604167657706,0.0
1253,0.0,1.0,0.0,0.0,838,734,epithelial,25.113420294151283,0.0
1254,0.0,1.0,0.0,0.0,684,617,epithelial,39.48252979254016,0.0
1255,0.0,1.0,0.0,0.0,663,570,epithelial,45.02307927095705,0.0
1256,0.0,1.0,0.0,0.0,663,544,epithelial,41.363695507940214,0.0
1257,0.0,1.0,0.0,0.0,668,515,epithelial,36.255539851636776,0.0
1258,0.0,1.0,0.0,0.0,698,504,epithelial,34.25021620510727,0.0
1259,0.0,1.0,0.0,0.0,712,484,epithelial,29.19870018155522,0.0
1260,0.0,1.0,0.0,0.0,727,465,epithelial,38.94253591581876,0.0
1261,0.0,1.0,0.0,0.0,734,481,epithelial,31.36931395945119,0.0
1262,0.0,1.0,0.0,0.0,758,467,epithelial,61.45171496369691,0.5982695885852573
1263,0.0,1.0,0.0,0.0,753,503,epithelial,35.5236797728303,0.5982695885852573
1264,0.0,1.0,0.0,0.0,688,567,epithelial,28.24360070167949,0.0
1265,0.0,1.0,0.0,0.0,635,495,epithelial,37.607067486205786,0.0
1266,0.0,1.0,0.0,0.0,655,489,epithelial,24.93058766876802,0.0
1267,0.0,1.0,0.0,0.0,674,479,epithelial,30.035354518767303,0.0
1268,0.0,1.0,0.0,0.0,619,460,epithelial,29.63719197389891,0.0
1269,0.0,1.0,0.0,0.0,640,465,epithelial,27.195097425396145,0.0
1270,0.0,1.0,0.0,0.0,655,452,epithelial,25.857816727737966,0.0
1271,0.0,1.0,0.0,0.0,688,468,epithelial,34.7712776564918,0.0
1272,0.0,1.0,0.0,0.0,612,435,epithelial,29.77313860720404,0.0
1273,0.0,1.0,0.0,0.0,648,440,epithelial,71.1550251415187,0.0
1274,0.0,1.0,0.0,0.0,586,434,epithelial,28.959972973213166,0.0
1275,0.0,1.0,0.0,0.0,593,467,epithelial,38.40646572592476,0.0
1276,0.0,1.0,0.0,0.0,550,450,epithelial,44.514827892560085,0.0
1277,0.0,1.0,0.0,0.0,528,430,epithelial,40.83869347344302,0.0
1278,0.0,1.0,0.0,0.0,501,391,epithelial,58.032307071737186,0.0
1279,0.0,1.0,0.0,0.0,490,435,epithelial,44.455639583911626,0.0
1280,0.0,1.0,0.0,0.0,444,399,epithelial,49.55633101069727,0.0
1281,0.0,1.0,0.0,0.0,478,399,epithelial,39.47765261219746,0.0
1282,0.0,1.0,0.0,0.0,418,384,epithelial,78.20603867695768,0.0
1283,0.0,1.0,0.0,0.0,398,362,epithelial,83.76039772592347,0.0
1284,0.0,1.0,0.0,0.0,442,349,epithelial,102.6107480168229,0.0
1285,0.0,1.0,0.0,0.0,592,423,epithelial,65.57588573562373,0.0
1286,0.0,1.0,0.0,0.0,489,472,epithelial,53.34122243077622,0.0
1287,0.0,1.0,0.0,0.0,458,473,epithelial,71.52460255673616,0.0
1288,0.0,1.0,0.0,0.0,490,512,epithelial,51.551041231999605,0.45056120886630463
1289,0.0,1.0,0.0,0.0,468,526,epithelial,53.550775258630246,0.410116318288409
1290,0.0,1.0,0.0,0.0,427,528,epithelial,51.09207966368809,0.0
1291,0.0,1.0,0.0,0.0,488,592,epithelial,74.35532355759713,0.37677016125643675
1292,0.0,1.0,0.0,0.0,538,580,epithelial,66.36125622628428,0.45056120886630463
1293,0.0,1.0,0.0,0.0,586,576,epithelial,54.983609726098344,0.410116318288409
1294,0.0,1.0,0.0,0.0,592,549,epithelial,52.077512730686216,0.410116318288409
1295,0.0,1.0,0.0,0.0,569,522,epithelial,39.40870168158093,0.5004024235381879
1296,0.0,1.0,0.0,0.0,403,566,epithelial,44.1575233458703,0.0
1297,0.0,1.0,0.0,0.0,414,643,epithelial,44.678384841268844,0.410116318288409
1298,0.0,1.0,0.0,0.0,419,611,epithelial,38.4994336230404,0.0
1299,0.0,1.0,0.0,0.0,449,635,epithelial,58.25457467006677,0.0
1300,0.0,1.0,0.0,0.0,380,531,epithelial,61.39646566513764,0.0
1301,0.0,1.0,0.0,0.0,337,506,epithelial,84.35823493857,0.0
1302,0.0,1.0,0.0,0.0,317,531,epithelial,56.524048930974246,0.0
1303,0.0,1.0,0.0,0.0,141,505,epithelial,59.79007306199014,0.0
1304,0.0,1.0,0.0,0.0,151,470,epithelial,73.95955089698172,0.0
1305,0.0,1.0,0.0,0.0,302,425,epithelial,88.66523722607737,0.0
1306,0.0,1.0,0.0,0.0,284,383,epithelial,60.70922677582734,0.0
1307,0.0,1.0,0.0,0.0,286,352,epithelial,102.426639343382,0.0
1308,0.0,1.0,0.0,0.0,234,379,epithelial,87.0485749850033,0.0
1309,0.0,1.0,0.0,0.0,195,353,epithelial,75.38431042549209,0.0
1310,0.0,1.0,0.0,0.0,117,434,epithelial,53.473574369533516,0.0
1311,0.0,1.0,0.0,0.0,83,426,epithelial,39.72545350270698,0.0
1312,0.0,1.0,0.0,0.0,54,394,epithelial,62.718979438419275,0.0
1313,0.0,1.0,0.0,0.0,91,396,epithelial,54.62331990533727,0.0
1314,0.0,1.0,0.0,0.0,124,397,epithelial,71.08368403145018,0.0
1315,0.0,1.0,0.0,0.0,58,469,epithelial,58.56036986724748,0.0
1316,0.0,1.0,0.0,0.0,7,375,epithelial,72.07117490472979,0.0
1317,0.0,1.0,0.0,0.0,41,319,epithelial,79.39748746360405,0.0
1318,0.0,1.0,0.0,0.0,125,314,epithelial,100.29578136831114,0.0
1319,0.0,1.0,0.0,0.0,6,475,epithelial,110.21556526859717,0.0
1320,0.0,1.0,0.0,0.0,81,510,epithelial,69.15580622060472,0.0
1321,0.0,1.0,0.0,0.0,9,624,epithelial,69.1998130968209,0.0
1322,0.0,1.0,0.0,0.0,741,1803,inflammatory,53.18928130568512,0.5297061990576545
1323,0.0,1.0,0.0,0.0,718,1787,inflammatory,35.47481069975422,0.6365141682948128
1324,0.0,1.0,0.0,0.0,736,1722,inflammatory,46.24840743628421,0.3250829733914482
